-10 1.11388e-12
-9.97998 2.25947e-12
-9.95996 3.469e-12
-9.93994 4.77615e-12
-9.91992 6.21694e-12
-9.8999 7.8307e-12
-9.87988 9.66108e-12
-9.85986 1.17572e-11
-9.83984 1.41748e-11
-9.81982 1.69778e-11
-9.7998 2.02396e-11
-9.77978 2.40454e-11
-9.75976 2.84936e-11
-9.73974 3.36985e-11
-9.71972 3.97931e-11
-9.6997 4.69321e-11
-9.67968 5.52955e-11
-9.65966 6.50931e-11
-9.63964 7.65687e-11
-9.61962 9.00063e-11
-9.5996 1.05736e-10
-9.57958 1.24143e-10
-9.55956 1.45674e-10
-9.53954 1.70847e-10
-9.51952 2.00267e-10
-9.4995 2.34634e-10
-9.47948 2.74762e-10
-9.45946 3.21592e-10
-9.43944 3.7622e-10
-9.41942 4.39912e-10
-9.3994 5.14137e-10
-9.37938 6.00593e-10
-9.35936 7.01248e-10
-9.33934 8.18376e-10
-9.31932 9.54604e-10
-9.2993 1.11297e-09
-9.27928 1.29698e-09
-9.25926 1.51068e-09
-9.23924 1.75874e-09
-9.21922 2.04654e-09
-9.1992 2.38027e-09
-9.17918 2.76708e-09
-9.15916 3.21519e-09
-9.13914 3.73405e-09
-9.11912 4.33452e-09
-9.0991 5.0291e-09
-9.07908 5.83213e-09
-9.05906 6.76008e-09
-9.03904 7.83183e-09
-9.01902 9.06906e-09
-8.999 1.04966e-08
-8.97898 1.21429e-08
-8.95896 1.40404e-08
-8.93894 1.62265e-08
-8.91892 1.87437e-08
-8.8989 2.16408e-08
-8.87888 2.49732e-08
-8.85886 2.88046e-08
-8.83884 3.32073e-08
-8.81882 3.8264e-08
-8.7988 4.40689e-08
-8.77878 5.07291e-08
-8.75876 5.83669e-08
-8.73874 6.71211e-08
-8.71872 7.71499e-08
-8.6987 8.86328e-08
-8.67868 1.01774e-07
-8.65866 1.16805e-07
-8.63864 1.33989e-07
-8.61862 1.53623e-07
-8.5986 1.76046e-07
-8.57858 2.01641e-07
-8.55856 2.3084e-07
-8.53854 2.64134e-07
-8.51852 3.02078e-07
-8.4985 3.45297e-07
-8.47848 3.945e-07
-8.45846 4.50485e-07
-8.43844 5.14154e-07
-8.41842 5.86523e-07
-8.3984 6.68738e-07
-8.37838 7.62087e-07
-8.35836 8.68023e-07
-8.33834 9.88178e-07
-8.31832 1.12439e-06
-8.2983 1.27872e-06
-8.27828 1.45348e-06
-8.25826 1.65128e-06
-8.23824 1.87503e-06
-8.21822 2.128e-06
-8.1982 2.41385e-06
-8.17818 2.73668e-06
-8.15816 3.10106e-06
-8.13814 3.51214e-06
-8.11812 3.97565e-06
-8.0981 4.49797e-06
-8.07808 5.08626e-06
-8.05806 5.74847e-06
-8.03804 6.4935e-06
-8.01802 7.33124e-06
-7.998 8.2727e-06
-7.97798 9.33013e-06
-7.95796 1.05172e-05
-7.93794 1.1849e-05
-7.91792 1.33423e-05
-7.8979 1.50159e-05
-7.87788 1.68905e-05
-7.85786 1.89889e-05
-7.83784 2.13366e-05
-7.81782 2.39618e-05
-7.7978 2.68955e-05
-7.77778 3.01722e-05
-7.75776 3.38299e-05
-7.73774 3.79105e-05
-7.71772 4.24604e-05
-7.6977 4.75306e-05
-7.67768 5.31774e-05
-7.65766 5.94627e-05
-7.63764 6.64546e-05
-7.61762 7.4228e-05
-7.5976 8.28655e-05
-7.57758 9.24572e-05
-7.55756 0.000103102
-7.53754 0.00011491
-7.51752 0.000127999
-7.4975 0.0001425
-7.47748 0.000158556
-7.45746 0.000176323
-7.43744 0.000195972
-7.41742 0.000217688
-7.3974 0.000241675
-7.37738 0.000268155
-7.35736 0.000297368
-7.33734 0.000329578
-7.31732 0.000365071
-7.2973 0.000404156
-7.27728 0.00044717
-7.25726 0.000494481
-7.23724 0.000546485
-7.21722 0.000603611
-7.1972 0.000666326
-7.17718 0.000735132
-7.15716 0.000810574
-7.13714 0.000893241
-7.11712 0.000983765
-7.0971 0.00108283
-7.07708 0.00119118
-7.05706 0.00130959
-7.03704 0.00143893
-7.01702 0.00158011
-6.997 0.00173412
-6.97698 0.001902
-6.95696 0.0020849
-6.93694 0.00228401
-6.91692 0.00250064
-6.8969 0.00273616
-6.87688 0.00299206
-6.85686 0.0032699
-6.83684 0.00357137
-6.81682 0.00389825
-6.7968 0.00425245
-6.77678 0.00463597
-6.75676 0.00505095
-6.73674 0.00549968
-6.71672 0.00598454
-6.6967 0.00650808
-6.67668 0.00707297
-6.65666 0.00768206
-6.63664 0.00833833
-6.61662 0.00904491
-6.5966 0.00980511
-6.57658 0.0106224
-6.55656 0.0115004
-6.53654 0.0124429
-6.51652 0.013454
-6.4965 0.0145377
-6.47648 0.0156984
-6.45646 0.0169406
-6.43644 0.018269
-6.41642 0.0196885
-6.3964 0.0212041
-6.37638 0.0228211
-6.35636 0.0245447
-6.33634 0.0263807
-6.31632 0.0283347
-6.2963 0.0304125
-6.27628 0.0326202
-6.25626 0.0349639
-6.23624 0.0374499
-6.21622 0.0400844
-6.1962 0.0428741
-6.17618 0.0458253
-6.15616 0.0489447
-6.13614 0.0522388
-6.11612 0.0557143
-6.0961 0.0593778
-6.07608 0.0632358
-6.05606 0.0672948
-6.03604 0.071561
-6.01602 0.0760408
-5.996 0.0807401
-5.97598 0.0856648
-5.95596 0.0908202
-5.93594 0.0962117
-5.91592 0.101844
-5.8959 0.107722
-5.87588 0.113848
-5.85586 0.120228
-5.83584 0.126863
-5.81582 0.133755
-5.7958 0.140907
-5.77578 0.148319
-5.75576 0.15599
-5.73574 0.16392
-5.71572 0.172107
-5.6957 0.180548
-5.67568 0.189239
-5.65566 0.198174
-5.63564 0.207347
-5.61562 0.216751
-5.5956 0.226375
-5.57558 0.236211
-5.55556 0.246245
-5.53554 0.256463
-5.51552 0.266852
-5.4955 0.277394
-5.47548 0.288071
-5.45546 0.298862
-5.43544 0.309745
-5.41542 0.320697
-5.3954 0.331693
-5.37538 0.342705
-5.35536 0.353704
-5.33534 0.364658
-5.31532 0.375537
-5.2953 0.386304
-5.27528 0.396925
-5.25526 0.40736
-5.23524 0.417572
-5.21522 0.427519
-5.1952 0.437159
-5.17518 0.446449
-5.15516 0.455344
-5.13514 0.463798
-5.11512 0.471766
-5.0951 0.479199
-5.07508 0.48605
-5.05506 0.492272
-5.03504 0.497815
-5.01502 0.502633
-4.99499 0.506678
-4.97497 0.509902
-4.95495 0.512259
-4.93493 0.513706
-4.91491 0.514198
-4.89489 0.513694
-4.87487 0.512154
-4.85485 0.509542
-4.83483 0.505823
-4.81481 0.500966
-4.79479 0.494943
-4.77477 0.48773
-4.75475 0.479307
-4.73473 0.469658
-4.71471 0.458771
-4.69469 0.446642
-4.67467 0.433268
-4.65465 0.418655
-4.63463 0.402813
-4.61461 0.385759
-4.59459 0.367515
-4.57457 0.34811
-4.55455 0.327581
-4.53453 0.305969
-4.51451 0.283323
-4.49449 0.2597
-4.47447 0.235162
-4.45445 0.209779
-4.43443 0.183626
-4.41441 0.156788
-4.39439 0.129352
-4.37437 0.101414
-4.35435 0.0730762
-4.33433 0.0444443
-4.31431 0.0156306
-4.29429 -0.0132481
-4.27427 -0.0420707
-4.25425 -0.0707126
-4.23423 -0.0990458
-4.21421 -0.12694
-4.19419 -0.154263
-4.17417 -0.180881
-4.15415 -0.20666
-4.13413 -0.231468
-4.11411 -0.255172
-4.09409 -0.277642
-4.07407 -0.298752
-4.05405 -0.318377
-4.03403 -0.336401
-4.01401 -0.35271
-3.99399 -0.367199
-3.97397 -0.379769
-3.95395 -0.390331
-3.93393 -0.398802
-3.91391 -0.405114
-3.89389 -0.409206
-3.87387 -0.411031
-3.85385 -0.410552
-3.83383 -0.407746
-3.81381 -0.402605
-3.79379 -0.395133
-3.77377 -0.38535
-3.75375 -0.373289
-3.73373 -0.358999
-3.71371 -0.342543
-3.69369 -0.324001
-3.67367 -0.303466
-3.65365 -0.281046
-3.63363 -0.256865
-3.61361 -0.231059
-3.59359 -0.203777
-3.57357 -0.175182
-3.55355 -0.145448
-3.53353 -0.114761
-3.51351 -0.0833145
-3.49349 -0.0513122
-3.47347 -0.0189647
-3.45345 0.0135115
-3.43343 0.0458952
-3.41341 0.0779625
-3.39339 0.109488
-3.37337 0.140247
-3.35335 0.170016
-3.33333 0.198575
-3.31331 0.225712
-3.29329 0.25122
-3.27327 0.2749
-3.25325 0.296567
-3.23323 0.316046
-3.21321 0.333177
-3.19319 0.347816
-3.17317 0.359835
-3.15315 0.369125
-3.13313 0.375598
-3.11311 0.379183
-3.09309 0.379837
-3.07307 0.377533
-3.05305 0.372272
-3.03303 0.364076
-3.01301 0.352992
-2.99299 0.339091
-2.97297 0.322468
-2.95295 0.30324
-2.93293 0.281549
-2.91291 0.257557
-2.89289 0.231449
-2.87287 0.203428
-2.85285 0.173716
-2.83283 0.142552
-2.81281 0.11019
-2.79279 0.0768979
-2.77277 0.0429524
-2.75275 0.00864019
-2.73273 -0.0257462
-2.71271 -0.0599105
-2.69269 -0.0935553
-2.67267 -0.126385
-2.65265 -0.158108
-2.63263 -0.18844
-2.61261 -0.217106
-2.59259 -0.243843
-2.57257 -0.268404
-2.55255 -0.290559
-2.53253 -0.310096
-2.51251 -0.326827
-2.49249 -0.340588
-2.47247 -0.35124
-2.45245 -0.358671
-2.43243 -0.362799
-2.41241 -0.363572
-2.39239 -0.360969
-2.37237 -0.355
-2.35235 -0.345707
-2.33233 -0.333164
-2.31231 -0.317477
-2.29229 -0.298781
-2.27227 -0.277242
-2.25225 -0.253056
-2.23223 -0.226445
-2.21221 -0.197654
-2.19219 -0.166955
-2.17217 -0.134637
-2.15215 -0.10101
-2.13213 -0.0663962
-2.11211 -0.0311323
-2.09209 0.00443775
-2.07207 0.039964
-2.05205 0.0750947
-2.03203 0.10948
-2.01201 0.142774
-1.99199 0.17464
-1.97197 0.204756
-1.95195 0.232811
-1.93193 0.258517
-1.91191 0.281606
-1.89189 0.301836
-1.87187 0.318991
-1.85185 0.332888
-1.83183 0.343375
-1.81181 0.350334
-1.79179 0.353684
-1.77177 0.353379
-1.75175 0.349413
-1.73173 0.341816
-1.71171 0.330659
-1.69169 0.316049
-1.67167 0.298128
-1.65165 0.277078
-1.63163 0.253111
-1.61161 0.226474
-1.59159 0.19744
-1.57157 0.166313
-1.55155 0.133419
-1.53153 0.0991028
-1.51151 0.0637285
-1.49149 0.027672
-1.47147 -0.00868133
-1.45145 -0.0449413
-1.43143 -0.0807171
-1.41141 -0.115621
-1.39139 -0.149274
-1.37137 -0.181309
-1.35135 -0.211373
-1.33133 -0.239137
-1.31131 -0.264291
-1.29129 -0.286557
-1.27127 -0.305685
-1.25125 -0.32146
-1.23123 -0.333701
-1.21121 -0.342267
-1.19119 -0.347058
-1.17117 -0.348014
-1.15115 -0.345117
-1.13113 -0.338394
-1.11111 -0.327913
-1.09109 -0.313784
-1.07107 -0.296158
-1.05105 -0.275228
-1.03103 -0.251222
-1.01101 -0.224404
-0.990991 -0.19507
-0.970971 -0.163547
-0.950951 -0.130185
-0.930931 -0.0953582
-0.910911 -0.0594562
-0.890891 -0.0228832
-0.870871 0.0139485
-0.850851 0.0506223
-0.830831 0.0867226
-0.810811 0.121839
-0.790791 0.155572
-0.770771 0.187537
-0.750751 0.217367
-0.730731 0.244721
-0.710711 0.269284
-0.690691 0.290772
-0.670671 0.308937
-0.650651 0.323569
-0.630631 0.334496
-0.610611 0.34159
-0.590591 0.344766
-0.570571 0.343984
-0.550551 0.33925
-0.530531 0.330616
-0.510511 0.318178
-0.49049 0.302076
-0.47047 0.282493
-0.45045 0.259654
-0.43043 0.233818
-0.41041 0.205283
-0.39039 0.174376
-0.37037 0.141455
-0.35035 0.106897
-0.33033 0.0711027
-0.31031 0.0344853
-0.29029 -0.00253142
-0.27027 -0.0395188
-0.25025 -0.0760483
-0.23023 -0.111696
-0.21021 -0.146048
-0.19019 -0.178706
-0.17017 -0.20929
-0.15015 -0.237445
-0.13013 -0.262843
-0.11011 -0.285189
-0.0900901 -0.304223
-0.0700701 -0.319723
-0.0500501 -0.331508
-0.03003 -0.339443
-0.01001 -0.343433
0.01001 -0.343433
0.03003 -0.339443
0.0500501 -0.331508
0.0700701 -0.319723
0.0900901 -0.304223
0.11011 -0.285189
0.13013 -0.262843
0.15015 -0.237445
0.17017 -0.20929
0.19019 -0.178706
0.21021 -0.146048
0.23023 -0.111696
0.25025 -0.0760483
0.27027 -0.0395188
0.29029 -0.00253142
0.31031 0.0344853
0.33033 0.0711027
0.35035 0.106897
0.37037 0.141455
0.39039 0.174376
0.41041 0.205283
0.43043 0.233818
0.45045 0.259654
0.47047 0.282493
0.49049 0.302076
0.510511 0.318178
0.530531 0.330616
0.550551 0.33925
0.570571 0.343984
0.590591 0.344766
0.610611 0.34159
0.630631 0.334496
0.650651 0.323569
0.670671 0.308937
0.690691 0.290772
0.710711 0.269284
0.730731 0.244721
0.750751 0.217367
0.770771 0.187537
0.790791 0.155572
0.810811 0.121839
0.830831 0.0867226
0.850851 0.0506223
0.870871 0.0139485
0.890891 -0.0228832
0.910911 -0.0594562
0.930931 -0.0953582
0.950951 -0.130185
0.970971 -0.163547
0.990991 -0.19507
1.01101 -0.224404
1.03103 -0.251222
1.05105 -0.275228
1.07107 -0.296158
1.09109 -0.313784
1.11111 -0.327913
1.13113 -0.338394
1.15115 -0.345117
1.17117 -0.348014
1.19119 -0.347058
1.21121 -0.342267
1.23123 -0.333701
1.25125 -0.32146
1.27127 -0.305685
1.29129 -0.286557
1.31131 -0.264291
1.33133 -0.239137
1.35135 -0.211373
1.37137 -0.181309
1.39139 -0.149274
1.41141 -0.115621
1.43143 -0.0807171
1.45145 -0.0449413
1.47147 -0.00868133
1.49149 0.027672
1.51151 0.0637285
1.53153 0.0991028
1.55155 0.133419
1.57157 0.166313
1.59159 0.19744
1.61161 0.226474
1.63163 0.253111
1.65165 0.277078
1.67167 0.298128
1.69169 0.316049
1.71171 0.330659
1.73173 0.341816
1.75175 0.349413
1.77177 0.353379
1.79179 0.353684
1.81181 0.350334
1.83183 0.343375
1.85185 0.332888
1.87187 0.318991
1.89189 0.301836
1.91191 0.281606
1.93193 0.258517
1.95195 0.232811
1.97197 0.204756
1.99199 0.17464
2.01201 0.142774
2.03203 0.10948
2.05205 0.0750947
2.07207 0.039964
2.09209 0.00443775
2.11211 -0.0311323
2.13213 -0.0663962
2.15215 -0.10101
2.17217 -0.134637
2.19219 -0.166955
2.21221 -0.197654
2.23223 -0.226445
2.25225 -0.253056
2.27227 -0.277242
2.29229 -0.298781
2.31231 -0.317477
2.33233 -0.333164
2.35235 -0.345707
2.37237 -0.355
2.39239 -0.360969
2.41241 -0.363572
2.43243 -0.362799
2.45245 -0.358671
2.47247 -0.35124
2.49249 -0.340588
2.51251 -0.326827
2.53253 -0.310096
2.55255 -0.290559
2.57257 -0.268404
2.59259 -0.243843
2.61261 -0.217106
2.63263 -0.18844
2.65265 -0.158108
2.67267 -0.126385
2.69269 -0.0935553
2.71271 -0.0599105
2.73273 -0.0257462
2.75275 0.00864019
2.77277 0.0429524
2.79279 0.0768979
2.81281 0.11019
2.83283 0.142552
2.85285 0.173716
2.87287 0.203428
2.89289 0.231449
2.91291 0.257557
2.93293 0.281549
2.95295 0.30324
2.97297 0.322468
2.99299 0.339091
3.01301 0.352992
3.03303 0.364076
3.05305 0.372272
3.07307 0.377533
3.09309 0.379837
3.11311 0.379183
3.13313 0.375598
3.15315 0.369125
3.17317 0.359835
3.19319 0.347816
3.21321 0.333177
3.23323 0.316046
3.25325 0.296567
3.27327 0.2749
3.29329 0.25122
3.31331 0.225712
3.33333 0.198575
3.35335 0.170016
3.37337 0.140247
3.39339 0.109488
3.41341 0.0779625
3.43343 0.0458952
3.45345 0.0135115
3.47347 -0.0189647
3.49349 -0.0513122
3.51351 -0.0833145
3.53353 -0.114761
3.55355 -0.145448
3.57357 -0.175182
3.59359 -0.203777
3.61361 -0.231059
3.63363 -0.256865
3.65365 -0.281046
3.67367 -0.303466
3.69369 -0.324001
3.71371 -0.342543
3.73373 -0.358999
3.75375 -0.373289
3.77377 -0.38535
3.79379 -0.395133
3.81381 -0.402605
3.83383 -0.407746
3.85385 -0.410552
3.87387 -0.411031
3.89389 -0.409206
3.91391 -0.405114
3.93393 -0.398802
3.95395 -0.390331
3.97397 -0.379769
3.99399 -0.367199
4.01401 -0.35271
4.03403 -0.336401
4.05405 -0.318377
4.07407 -0.298752
4.09409 -0.277642
4.11411 -0.255172
4.13413 -0.231468
4.15415 -0.20666
4.17417 -0.180881
4.19419 -0.154263
4.21421 -0.12694
4.23423 -0.0990458
4.25425 -0.0707126
4.27427 -0.0420707
4.29429 -0.0132481
4.31431 0.0156306
4.33433 0.0444443
4.35435 0.0730762
4.37437 0.101414
4.39439 0.129352
4.41441 0.156788
4.43443 0.183626
4.45445 0.209779
4.47447 0.235162
4.49449 0.2597
4.51451 0.283323
4.53453 0.305969
4.55455 0.327581
4.57457 0.34811
4.59459 0.367515
4.61461 0.385759
4.63463 0.402813
4.65465 0.418655
4.67467 0.433268
4.69469 0.446642
4.71471 0.458771
4.73473 0.469658
4.75475 0.479307
4.77477 0.48773
4.79479 0.494943
4.81481 0.500966
4.83483 0.505823
4.85485 0.509542
4.87487 0.512154
4.89489 0.513694
4.91491 0.514198
4.93493 0.513706
4.95495 0.512259
4.97497 0.509902
4.99499 0.506678
5.01502 0.502633
5.03504 0.497815
5.05506 0.492272
5.07508 0.48605
5.0951 0.479199
5.11512 0.471766
5.13514 0.463798
5.15516 0.455344
5.17518 0.446449
5.1952 0.437159
5.21522 0.427519
5.23524 0.417572
5.25526 0.40736
5.27528 0.396925
5.2953 0.386304
5.31532 0.375537
5.33534 0.364658
5.35536 0.353704
5.37538 0.342705
5.3954 0.331693
5.41542 0.320697
5.43544 0.309745
5.45546 0.298862
5.47548 0.288071
5.4955 0.277394
5.51552 0.266852
5.53554 0.256463
5.55556 0.246245
5.57558 0.236211
5.5956 0.226375
5.61562 0.216751
5.63564 0.207347
5.65566 0.198174
5.67568 0.189239
5.6957 0.180548
5.71572 0.172107
5.73574 0.16392
5.75576 0.15599
5.77578 0.148319
5.7958 0.140907
5.81582 0.133755
5.83584 0.126863
5.85586 0.120228
5.87588 0.113848
5.8959 0.107722
5.91592 0.101844
5.93594 0.0962117
5.95596 0.0908202
5.97598 0.0856648
5.996 0.0807401
6.01602 0.0760408
6.03604 0.071561
6.05606 0.0672948
6.07608 0.0632358
6.0961 0.0593778
6.11612 0.0557143
6.13614 0.0522388
6.15616 0.0489447
6.17618 0.0458253
6.1962 0.0428741
6.21622 0.0400844
6.23624 0.0374499
6.25626 0.0349639
6.27628 0.0326202
6.2963 0.0304125
6.31632 0.0283347
6.33634 0.0263807
6.35636 0.0245447
6.37638 0.0228211
6.3964 0.0212041
6.41642 0.0196885
6.43644 0.018269
6.45646 0.0169406
6.47648 0.0156984
6.4965 0.0145377
6.51652 0.013454
6.53654 0.0124429
6.55656 0.0115004
6.57658 0.0106224
6.5966 0.00980511
6.61662 0.00904491
6.63664 0.00833833
6.65666 0.00768206
6.67668 0.00707297
6.6967 0.00650808
6.71672 0.00598454
6.73674 0.00549968
6.75676 0.00505095
6.77678 0.00463597
6.7968 0.00425245
6.81682 0.00389825
6.83684 0.00357137
6.85686 0.0032699
6.87688 0.00299206
6.8969 0.00273616
6.91692 0.00250064
6.93694 0.00228401
6.95696 0.0020849
6.97698 0.001902
6.997 0.00173412
7.01702 0.00158011
7.03704 0.00143893
7.05706 0.00130959
7.07708 0.00119118
7.0971 0.00108283
7.11712 0.000983765
7.13714 0.000893241
7.15716 0.000810574
7.17718 0.000735132
7.1972 0.000666326
7.21722 0.000603611
7.23724 0.000546485
7.25726 0.000494481
7.27728 0.00044717
7.2973 0.000404156
7.31732 0.000365071
7.33734 0.000329578
7.35736 0.000297368
7.37738 0.000268155
7.3974 0.000241675
7.41742 0.000217688
7.43744 0.000195972
7.45746 0.000176323
7.47748 0.000158556
7.4975 0.0001425
7.51752 0.000127999
7.53754 0.00011491
7.55756 0.000103102
7.57758 9.24572e-05
7.5976 8.28655e-05
7.61762 7.4228e-05
7.63764 6.64546e-05
7.65766 5.94627e-05
7.67768 5.31774e-05
7.6977 4.75306e-05
7.71772 4.24604e-05
7.73774 3.79105e-05
7.75776 3.38299e-05
7.77778 3.01722e-05
7.7978 2.68955e-05
7.81782 2.39618e-05
7.83784 2.13366e-05
7.85786 1.89889e-05
7.87788 1.68905e-05
7.8979 1.50159e-05
7.91792 1.33423e-05
7.93794 1.1849e-05
7.95796 1.05172e-05
7.97798 9.33013e-06
7.998 8.2727e-06
8.01802 7.33124e-06
8.03804 6.4935e-06
8.05806 5.74847e-06
8.07808 5.08626e-06
8.0981 4.49797e-06
8.11812 3.97565e-06
8.13814 3.51214e-06
8.15816 3.10106e-06
8.17818 2.73668e-06
8.1982 2.41385e-06
8.21822 2.128e-06
8.23824 1.87503e-06
8.25826 1.65128e-06
8.27828 1.45348e-06
8.2983 1.27872e-06
8.31832 1.12439e-06
8.33834 9.88178e-07
8.35836 8.68023e-07
8.37838 7.62087e-07
8.3984 6.68738e-07
8.41842 5.86523e-07
8.43844 5.14154e-07
8.45846 4.50485e-07
8.47848 3.945e-07
8.4985 3.45297e-07
8.51852 3.02078e-07
8.53854 2.64134e-07
8.55856 2.3084e-07
8.57858 2.01641e-07
8.5986 1.76046e-07
8.61862 1.53623e-07
8.63864 1.33989e-07
8.65866 1.16805e-07
8.67868 1.01774e-07
8.6987 8.86328e-08
8.71872 7.71499e-08
8.73874 6.71211e-08
8.75876 5.83669e-08
8.77878 5.07291e-08
8.7988 4.40689e-08
8.81882 3.8264e-08
8.83884 3.32073e-08
8.85886 2.88046e-08
8.87888 2.49732e-08
8.8989 2.16408e-08
8.91892 1.87437e-08
8.93894 1.62265e-08
8.95896 1.40404e-08
8.97898 1.21429e-08
8.999 1.04966e-08
9.01902 9.06906e-09
9.03904 7.83183e-09
9.05906 6.76007e-09
9.07908 5.83213e-09
9.0991 5.0291e-09
9.11912 4.33452e-09
9.13914 3.73405e-09
9.15916 3.21519e-09
9.17918 2.76709e-09
9.1992 2.38027e-09
9.21922 2.04654e-09
9.23924 1.75874e-09
9.25926 1.51068e-09
9.27928 1.29698e-09
9.2993 1.11297e-09
9.31932 9.54604e-10
9.33934 8.18376e-10
9.35936 7.01246e-10
9.37938 6.00593e-10
9.3994 5.14135e-10
9.41942 4.39913e-10
9.43944 3.76219e-10
9.45946 3.21592e-10
9.47948 2.74763e-10
9.4995 2.34636e-10
9.51952 2.00266e-10
9.53954 1.70848e-10
9.55956 1.45674e-10
9.57958 1.24142e-10
9.5996 1.05736e-10
9.61962 9.0007e-11
9.63964 7.65678e-11
9.65966 6.50909e-11
9.67968 5.52933e-11
9.6997 4.69326e-11
9.71972 3.97927e-11
9.73974 3.36976e-11
9.75976 2.84946e-11
9.77978 2.40488e-11
9.7998 2.0239e-11
9.81982 1.69784e-11
9.83984 1.4177e-11
9.85986 1.17566e-11
9.87988 9.66209e-12
9.8999 7.83402e-12
9.91992 6.21777e-12
9.93994 4.77746e-12
9.95996 3.46996e-12
9.97998 2.26028e-12
10 1.11312e-12
