0 -0.00253046
0.000976562 0.0685745
0.00195312 0.139599
0.00292969 0.21047
0.00390625 0.281115
0.00488281 0.351462
0.00585938 0.421439
0.00683594 0.490974
0.0078125 0.559998
0.00878906 0.62844
0.00976562 0.696231
0.0107422 0.763301
0.0117188 0.829585
0.0126953 0.895014
0.0136719 0.959524
0.0146484 1.02305
0.015625 1.08553
0.0166016 1.1469
0.0175781 1.20711
0.0185547 1.26608
0.0195312 1.32378
0.0205078 1.38013
0.0214844 1.43509
0.0224609 1.48861
0.0234375 1.54063
0.0244141 1.59111
0.0253906 1.64
0.0263672 1.68726
0.0273438 1.73284
0.0283203 1.77671
0.0292969 1.81883
0.0302734 1.85916
0.03125 1.89767
0.0322266 1.93433
0.0332031 1.96911
0.0341797 2.00198
0.0351562 2.03293
0.0361328 2.06193
0.0371094 2.08896
0.0380859 2.11401
0.0390625 2.13706
0.0400391 2.1581
0.0410156 2.17713
0.0419922 2.19413
0.0429688 2.20911
0.0439453 2.22206
0.0449219 2.23299
0.0458984 2.24189
0.046875 2.24879
0.0478516 2.25368
0.0488281 2.25657
0.0498047 2.25749
0.0507812 2.25645
0.0517578 2.25346
0.0527344 2.24856
0.0537109 2.24175
0.0546875 2.23308
0.0556641 2.22256
0.0566406 2.21023
0.0576172 2.19612
0.0585938 2.18027
0.0595703 2.1627
0.0605469 2.14347
0.0615234 2.12261
0.0625 2.10017
0.0634766 2.07618
0.0644531 2.0507
0.0654297 2.02377
0.0664062 1.99544
0.0673828 1.96577
0.0683594 1.9348
0.0693359 1.90259
0.0703125 1.8692
0.0712891 1.83467
0.0722656 1.79908
0.0732422 1.76247
0.0742188 1.72491
0.0751953 1.68646
0.0761719 1.64717
0.0771484 1.60712
0.078125 1.56635
0.0791016 1.52494
0.0800781 1.48295
0.0810547 1.44045
0.0820312 1.39749
0.0830078 1.35414
0.0839844 1.31046
0.0849609 1.26653
0.0859375 1.2224
0.0869141 1.17813
0.0878906 1.1338
0.0888672 1.08946
0.0898438 1.04518
0.0908203 1.00101
0.0917969 0.957029
0.0927734 0.913288
0.09375 0.869848
0.0947266 0.826769
0.0957031 0.784109
0.0966797 0.741925
0.0976562 0.700274
0.0986328 0.659209
0.0996094 0.618784
0.100586 0.579052
0.101562 0.540064
0.102539 0.501868
0.103516 0.464512
0.104492 0.428043
0.105469 0.392505
0.106445 0.35794
0.107422 0.32439
0.108398 0.291893
0.109375 0.260487
0.110352 0.230207
0.111328 0.201086
0.112305 0.173156
0.113281 0.146445
0.114258 0.120982
0.115234 0.0967902
0.116211 0.0738937
0.117188 0.0523128
0.118164 0.0320661
0.119141 0.01317
0.120117 -0.00436144
0.121094 -0.0205163
0.12207 -0.0352849
0.123047 -0.0486597
0.124023 -0.0606356
0.125 -0.0712097
0.125977 -0.0803811
0.126953 -0.0881513
0.12793 -0.094524
0.128906 -0.0995052
0.129883 -0.103103
0.130859 -0.105327
0.131836 -0.10619
0.132812 -0.105706
0.133789 -0.103893
0.134766 -0.100767
0.135742 -0.0963502
0.136719 -0.0906645
0.137695 -0.0837343
0.138672 -0.0755857
0.139648 -0.0662468
0.140625 -0.0557473
0.141602 -0.0441185
0.142578 -0.0313936
0.143555 -0.0176072
0.144531 -0.00279553
0.145508 0.0130038
0.146484 0.0297517
0.147461 0.0474079
0.148438 0.0659308
0.149414 0.0852776
0.150391 0.105404
0.151367 0.126266
0.152344 0.147817
0.15332 0.17001
0.154297 0.192798
0.155273 0.216133
0.15625 0.239965
0.157227 0.264246
0.158203 0.288924
0.15918 0.31395
0.160156 0.339273
0.161133 0.364843
0.162109 0.390607
0.163086 0.416516
0.164062 0.442517
0.165039 0.46856
0.166016 0.494594
0.166992 0.520569
0.167969 0.546434
0.168945 0.57214
0.169922 0.597638
0.170898 0.622878
0.171875 0.647813
0.172852 0.672396
0.173828 0.69658
0.174805 0.72032
0.175781 0.743572
0.176758 0.766291
0.177734 0.788436
0.178711 0.809965
0.179688 0.83084
0.180664 0.85102
0.181641 0.870469
0.182617 0.889151
0.183594 0.907032
0.18457 0.924079
0.185547 0.940262
0.186523 0.95555
0.1875 0.969915
0.188477 0.983333
0.189453 0.995778
0.19043 1.00723
0.191406 1.01766
0.192383 1.02706
0.193359 1.03542
0.194336 1.0427
0.195312 1.04891
0.196289 1.05402
0.197266 1.05804
0.198242 1.06096
0.199219 1.06276
0.200195 1.06345
0.201172 1.06303
0.202148 1.0615
0.203125 1.05886
0.204102 1.05512
0.205078 1.05028
0.206055 1.04436
0.207031 1.03736
0.208008 1.0293
0.208984 1.02019
0.209961 1.01006
0.210938 0.998916
0.211914 0.986786
0.212891 0.973691
0.213867 0.959656
0.214844 0.944708
0.21582 0.928874
0.216797 0.912186
0.217773 0.894674
0.21875 0.876371
0.219727 0.857313
0.220703 0.837536
0.22168 0.817076
0.222656 0.795973
0.223633 0.774268
0.224609 0.752001
0.225586 0.729215
0.226562 0.705954
0.227539 0.682263
0.228516 0.658187
0.229492 0.633773
0.230469 0.609068
0.231445 0.58412
0.232422 0.558978
0.233398 0.533691
0.234375 0.508309
0.235352 0.482882
0.236328 0.457461
0.237305 0.432095
0.238281 0.406837
0.239258 0.381736
0.240234 0.356844
0.241211 0.332212
0.242188 0.30789
0.243164 0.283928
0.244141 0.260377
0.245117 0.237287
0.246094 0.214705
0.24707 0.192682
0.248047 0.171264
0.249023 0.150499
0.25 0.130433
0.250977 0.111111
0.251953 0.0925771
0.25293 0.0748754
0.253906 0.0580478
0.254883 0.042135
0.255859 0.0271767
0.256836 0.0132112
0.257812 0.000275407
0.258789 -0.0115953
0.259766 -0.0223671
0.260742 -0.0320078
0.261719 -0.0404867
0.262695 -0.0477751
0.263672 -0.0538457
0.264648 -0.0586734
0.265625 -0.0622348
0.266602 -0.0645084
0.267578 -0.0654746
0.268555 -0.065116
0.269531 -0.0634171
0.270508 -0.0603644
0.271484 -0.0559467
0.272461 -0.0501547
0.273438 -0.0429815
0.274414 -0.0344221
0.275391 -0.0244739
0.276367 -0.0131364
0.277344 -0.000411385
0.27832 0.0136972
0.279297 0.0291831
0.280273 0.0460379
0.28125 0.064251
0.282227 0.0838094
0.283203 0.104698
0.28418 0.1269
0.285156 0.150395
0.286133 0.175162
0.287109 0.201177
0.288086 0.228414
0.289062 0.256845
0.290039 0.28644
0.291016 0.317167
0.291992 0.348991
0.292969 0.381878
0.293945 0.415788
0.294922 0.450682
0.295898 0.486518
0.296875 0.523254
0.297852 0.560843
0.298828 0.59924
0.299805 0.638396
0.300781 0.678261
0.301758 0.718784
0.302734 0.759912
0.303711 0.801591
0.304688 0.843767
0.305664 0.886383
0.306641 0.929381
0.307617 0.972703
0.308594 1.01629
0.30957 1.06008
0.310547 1.10402
0.311523 1.14803
0.3125 1.19207
0.313477 1.23606
0.314453 1.27995
0.31543 1.32367
0.316406 1.36715
0.317383 1.41033
0.318359 1.45316
0.319336 1.49556
0.320312 1.53746
0.321289 1.57882
0.322266 1.61956
0.323242 1.65962
0.324219 1.69894
0.325195 1.73745
0.326172 1.7751
0.327148 1.81182
0.328125 1.84756
0.329102 1.88225
0.330078 1.91585
0.331055 1.94828
0.332031 1.9795
0.333008 2.00945
0.333984 2.03808
0.334961 2.06534
0.335938 2.09117
0.336914 2.11554
0.337891 2.13838
0.338867 2.15967
0.339844 2.17934
0.34082 2.19737
0.341797 2.21371
0.342773 2.22833
0.34375 2.24118
0.344727 2.25224
0.345703 2.26148
0.34668 2.26886
0.347656 2.27436
0.348633 2.27795
0.349609 2.27962
0.350586 2.27933
0.351562 2.27708
0.352539 2.27285
0.353516 2.26662
0.354492 2.25839
0.355469 2.24814
0.356445 2.23587
0.357422 2.22159
0.358398 2.20528
0.359375 2.18695
0.360352 2.16661
0.361328 2.14426
0.362305 2.11992
0.363281 2.09359
0.364258 2.06529
0.365234 2.03503
0.366211 2.00285
0.367188 1.96875
0.368164 1.93276
0.369141 1.89492
0.370117 1.85525
0.371094 1.81378
0.37207 1.77055
0.373047 1.7256
0.374023 1.67895
0.375 1.63066
0.375977 1.58077
0.376953 1.52931
0.37793 1.47635
0.378906 1.42192
0.379883 1.36608
0.380859 1.30888
0.381836 1.25038
0.382812 1.19063
0.383789 1.1297
0.384766 1.06763
0.385742 1.00449
0.386719 0.940344
0.387695 0.875256
0.388672 0.809289
0.389648 0.742509
0.390625 0.674985
0.391602 0.606783
0.392578 0.537972
0.393555 0.468623
0.394531 0.398806
0.395508 0.328592
0.396484 0.258052
0.397461 0.187259
0.398438 0.116285
0.399414 0.0452019
0.400391 -0.0259166
0.401367 -0.096998
0.402344 -0.16797
0.40332 -0.238759
0.404297 -0.309293
0.405273 -0.379501
0.40625 -0.44931
0.407227 -0.518649
0.408203 -0.587449
0.40918 -0.655638
0.410156 -0.723149
0.411133 -0.789913
0.412109 -0.855863
0.413086 -0.920932
0.414062 -0.985056
0.415039 -1.04817
0.416016 -1.11022
0.416992 -1.17113
0.417969 -1.23085
0.418945 -1.28932
0.419922 -1.34648
0.420898 -1.40228
0.421875 -1.45667
0.422852 -1.5096
0.423828 -1.56101
0.424805 -1.61086
0.425781 -1.6591
0.426758 -1.70569
0.427734 -1.7506
0.428711 -1.79377
0.429688 -1.83517
0.430664 -1.87478
0.431641 -1.91255
0.432617 -1.94847
0.433594 -1.98249
0.43457 -2.01459
0.435547 -2.04476
0.436523 -2.07298
0.4375 -2.09922
0.438477 -2.12347
0.439453 -2.14572
0.44043 -2.16595
0.441406 -2.18417
0.442383 -2.20036
0.443359 -2.21453
0.444336 -2.22667
0.445312 -2.23679
0.446289 -2.24489
0.447266 -2.25098
0.448242 -2.25507
0.449219 -2.25718
0.450195 -2.25731
0.451172 -2.25549
0.452148 -2.25173
0.453125 -2.24606
0.454102 -2.23851
0.455078 -2.22909
0.456055 -2.21784
0.457031 -2.2048
0.458008 -2.18999
0.458984 -2.17344
0.459961 -2.15521
0.460938 -2.13532
0.461914 -2.11382
0.462891 -2.09075
0.463867 -2.06616
0.464844 -2.0401
0.46582 -2.0126
0.466797 -1.98373
0.467773 -1.95353
0.46875 -1.92206
0.469727 -1.88937
0.470703 -1.85552
0.47168 -1.82056
0.472656 -1.78455
0.473633 -1.74756
0.474609 -1.70963
0.475586 -1.67084
0.476562 -1.63124
0.477539 -1.59089
0.478516 -1.54986
0.479492 -1.50821
0.480469 -1.46601
0.481445 -1.42331
0.482422 -1.38019
0.483398 -1.3367
0.484375 -1.29292
0.485352 -1.2489
0.486328 -1.2047
0.487305 -1.1604
0.488281 -1.11606
0.489258 -1.07173
0.490234 -1.02749
0.491211 -0.983394
0.492188 -0.9395
0.493164 -0.895872
0.494141 -0.85257
0.495117 -0.809652
0.496094 -0.767175
0.49707 -0.725198
0.498047 -0.683774
0.499023 -0.642959
0.5 -0.602806
0.500977 -0.563365
0.501953 -0.524688
0.50293 -0.486822
0.503906 -0.449816
0.504883 -0.413714
0.505859 -0.37856
0.506836 -0.344396
0.507812 -0.311262
0.508789 -0.279197
0.509766 -0.248238
0.510742 -0.218417
0.511719 -0.189769
0.512695 -0.162323
0.513672 -0.136109
0.514648 -0.111151
0.515625 -0.087475
0.516602 -0.0651024
0.517578 -0.0440531
0.518555 -0.0243448
0.519531 -0.00599294
0.520508 0.0109892
0.521484 0.0265905
0.522461 0.0408024
0.523438 0.0536182
0.524414 0.0650336
0.525391 0.0750465
0.526367 0.0836571
0.527344 0.0908678
0.52832 0.0966831
0.529297 0.10111
0.530273 0.104157
0.53125 0.105835
0.532227 0.106157
0.533203 0.105139
0.53418 0.102799
0.535156 0.099154
0.536133 0.0942268
0.537109 0.0880403
0.538086 0.0806196
0.539062 0.0719914
0.540039 0.0621845
0.541016 0.0512294
0.541992 0.0391581
0.542969 0.0260044
0.543945 0.0118035
0.544922 -0.00340783
0.545898 -0.0195914
0.546875 -0.0367075
0.547852 -0.0547155
0.548828 -0.0735731
0.549805 -0.0932372
0.550781 -0.113663
0.551758 -0.134806
0.552734 -0.15662
0.553711 -0.179057
0.554688 -0.202069
0.555664 -0.225609
0.556641 -0.249626
0.557617 -0.274072
0.558594 -0.298896
0.55957 -0.324047
0.560547 -0.349474
0.561523 -0.375128
0.5625 -0.400956
0.563477 -0.426908
0.564453 -0.452932
0.56543 -0.478978
0.566406 -0.504994
0.567383 -0.530931
0.568359 -0.556739
0.569336 -0.582367
0.570312 -0.607767
0.571289 -0.632891
0.572266 -0.657691
0.573242 -0.68212
0.574219 -0.706132
0.575195 -0.729682
0.576172 -0.752726
0.577148 -0.77522
0.578125 -0.797124
0.579102 -0.818396
0.580078 -0.838997
0.581055 -0.858889
0.582031 -0.878036
0.583008 -0.896401
0.583984 -0.913953
0.584961 -0.930658
0.585938 -0.946486
0.586914 -0.961408
0.587891 -0.975398
0.588867 -0.988429
0.589844 -1.00048
0.59082 -1.01153
0.591797 -1.02155
0.592773 -1.03053
0.59375 -1.03846
0.594727 -1.04531
0.595703 -1.05108
0.59668 -1.05576
0.597656 -1.05934
0.598633 -1.06181
0.599609 -1.06317
0.600586 -1.06342
0.601562 -1.06255
0.602539 -1.06058
0.603516 -1.0575
0.604492 -1.05331
0.605469 -1.04804
0.606445 -1.04168
0.607422 -1.03426
0.608398 -1.02578
0.609375 -1.01626
0.610352 -1.00572
0.611328 -0.994181
0.612305 -0.981662
0.613281 -0.968188
0.614258 -0.953785
0.615234 -0.938479
0.616211 -0.9223
0.617188 -0.905278
0.618164 -0.887446
0.619141 -0.868837
0.620117 -0.849486
0.621094 -0.829431
0.62207 -0.80871
0.623047 -0.787361
0.624023 -0.765426
0.625 -0.742946
0.625977 -0.719965
0.626953 -0.696527
0.62793 -0.672676
0.628906 -0.648459
0.629883 -0.623923
0.630859 -0.599115
0.631836 -0.574084
0.632812 -0.548878
0.633789 -0.523547
0.634766 -0.498141
0.635742 -0.47271
0.636719 -0.447305
0.637695 -0.421976
0.638672 -0.396775
0.639648 -0.371751
0.640625 -0.346957
0.641602 -0.322443
0.642578 -0.298259
0.643555 -0.274456
0.644531 -0.251083
0.645508 -0.22819
0.646484 -0.205826
0.647461 -0.184039
0.648438 -0.162877
0.649414 -0.142386
0.650391 -0.122612
0.651367 -0.1036
0.652344 -0.0853942
0.65332 -0.0680372
0.654297 -0.0515706
0.655273 -0.0360349
0.65625 -0.0214693
0.657227 -0.00791131
0.658203 0.00460262
0.65918 0.0160378
0.660156 0.0263609
0.661133 0.0355404
0.662109 0.0435465
0.663086 0.0503509
0.664062 0.0559273
0.665039 0.0602512
0.666016 0.0632999
0.666992 0.0650528
0.667969 0.0654911
0.668945 0.0645981
0.669922 0.0623592
0.670898 0.0587617
0.671875 0.0537953
0.672852 0.0474515
0.673828 0.0397243
0.674805 0.0306095
0.675781 0.0201056
0.676758 0.00821272
0.677734 -0.00506631
0.678711 -0.0197267
0.679688 -0.0357613
0.680664 -0.0531608
0.681641 -0.0719137
0.682617 -0.0920062
0.683594 -0.113422
0.68457 -0.136144
0.685547 -0.16015
0.686523 -0.185419
0.6875 -0.211926
0.688477 -0.239645
0.689453 -0.268545
0.69043 -0.298597
0.691406 -0.329767
0.692383 -0.362021
0.693359 -0.395321
0.694336 -0.42963
0.695312 -0.464906
0.696289 -0.501107
0.697266 -0.53819
0.698242 -0.576108
0.699219 -0.614814
0.700195 -0.65426
0.701172 -0.694394
0.702148 -0.735165
0.703125 -0.776521
0.704102 -0.818405
0.705078 -0.860764
0.706055 -0.90354
0.707031 -0.946674
0.708008 -0.99011
0.708984 -1.03379
0.709961 -1.07764
0.710938 -1.12162
0.711914 -1.16565
0.712891 -1.20968
0.713867 -1.25363
0.714844 -1.29746
0.71582 -1.34109
0.716797 -1.38446
0.717773 -1.42751
0.71875 -1.47017
0.719727 -1.51238
0.720703 -1.55408
0.72168 -1.59519
0.722656 -1.63567
0.723633 -1.67544
0.724609 -1.71444
0.725586 -1.75262
0.726562 -1.7899
0.727539 -1.82624
0.728516 -1.86157
0.729492 -1.89583
0.730469 -1.92896
0.731445 -1.96092
0.732422 -1.99163
0.733398 -2.02106
0.734375 -2.04915
0.735352 -2.07585
0.736328 -2.1011
0.737305 -2.12486
0.738281 -2.14709
0.739258 -2.16773
0.740234 -2.18675
0.741211 -2.20411
0.742188 -2.21977
0.743164 -2.23368
0.744141 -2.24583
0.745117 -2.25616
0.746094 -2.26466
0.74707 -2.27129
0.748047 -2.27603
0.749023 -2.27885
0.75 -2.27974
0.750977 -2.27867
0.751953 -2.27563
0.75293 -2.2706
0.753906 -2.26357
0.754883 -2.25453
0.755859 -2.24348
0.756836 -2.2304
0.757812 -2.21531
0.758789 -2.19819
0.759766 -2.17906
0.760742 -2.15791
0.761719 -2.13476
0.762695 -2.10962
0.763672 -2.0825
0.764648 -2.05342
0.765625 -2.02239
0.766602 -1.98943
0.767578 -1.95458
0.768555 -1.91785
0.769531 -1.87927
0.770508 -1.83888
0.771484 -1.7967
0.772461 -1.75278
0.773438 -1.70714
0.774414 -1.65983
0.775391 -1.61089
0.776367 -1.56037
0.777344 -1.5083
0.77832 -1.45475
0.779297 -1.39975
0.780273 -1.34336
0.78125 -1.28564
0.782227 -1.22663
0.783203 -1.1664
0.78418 -1.105
0.785156 -1.0425
0.786133 -0.978948
0.787109 -0.914418
0.788086 -0.848971
0.789062 -0.782671
0.790039 -0.715585
0.791016 -0.647781
0.791992 -0.579327
0.792969 -0.510293
0.793945 -0.440748
0.794922 -0.370764
0.795898 -0.300411
0.796875 -0.229761
0.797852 -0.158887
0.798828 -0.0878605
0.799805 -0.0167547
0.800781 0.0543576
0.801758 0.125404
0.802734 0.196311
0.803711 0.267007
0.804688 0.337419
0.805664 0.407476
0.806641 0.477106
0.807617 0.546238
0.808594 0.614802
0.80957 0.682728
0.810547 0.749948
0.811523 0.816394
0.8125 0.882
0.813477 0.946699
0.814453 1.01043
0.81543 1.07312
0.816406 1.13472
0.817383 1.19516
0.818359 1.25439
0.819336 1.31234
0.820312 1.36897
0.821289 1.42421
0.822266 1.47802
0.823242 1.53035
0.824219 1.58114
0.825195 1.63035
0.826172 1.67794
0.827148 1.72386
0.828125 1.76807
0.829102 1.81054
0.830078 1.85123
0.831055 1.89011
0.832031 1.92714
0.833008 1.9623
0.833984 1.99556
0.834961 2.0269
0.835938 2.05629
0.836914 2.08371
0.837891 2.10916
0.838867 2.13261
0.839844 2.15405
0.84082 2.17348
0.841797 2.19089
0.842773 2.20627
0.84375 2.21963
0.844727 2.23096
0.845703 2.24027
0.84668 2.24757
0.847656 2.25286
0.848633 2.25615
0.849609 2.25747
0.850586 2.25681
0.851562 2.25421
0.852539 2.24969
0.853516 2.24326
0.854492 2.23496
0.855469 2.22481
0.856445 2.21284
0.857422 2.19908
0.858398 2.18357
0.859375 2.16635
0.860352 2.14745
0.861328 2.12691
0.862305 2.10478
0.863281 2.0811
0.864258 2.05591
0.865234 2.02927
0.866211 2.00122
0.867188 1.97181
0.868164 1.94109
0.869141 1.90913
0.870117 1.87597
0.871094 1.84167
0.87207 1.80628
0.873047 1.76987
0.874023 1.7325
0.875 1.69422
0.875977 1.65509
0.876953 1.61519
0.87793 1.57456
0.878906 1.53327
0.879883 1.4914
0.880859 1.44899
0.881836 1.40611
0.882812 1.36284
0.883789 1.31922
0.884766 1.27533
0.885742 1.23124
0.886719 1.18699
0.887695 1.14267
0.888672 1.09832
0.889648 1.05402
0.890625 1.00983
0.891602 0.965808
0.892578 0.922014
0.893555 0.878509
0.894531 0.835353
0.895508 0.792605
0.896484 0.750321
0.897461 0.708559
0.898438 0.667372
0.899414 0.626815
0.900391 0.586941
0.901367 0.5478
0.902344 0.509441
0.90332 0.471914
0.904297 0.435264
0.905273 0.399536
0.90625 0.364773
0.907227 0.331017
0.908203 0.298306
0.90918 0.266679
0.910156 0.236171
0.911133 0.206816
0.912109 0.178645
0.913086 0.151688
0.914062 0.125973
0.915039 0.101526
0.916016 0.0783684
0.916992 0.0565228
0.917969 0.0360079
0.918945 0.0168405
0.919922 -0.000964934
0.920898 -0.0173959
0.921875 -0.0324424
0.922852 -0.0460965
0.923828 -0.0583525
0.924805 -0.0692071
0.925781 -0.078659
0.926758 -0.0867092
0.927734 -0.093361
0.928711 -0.0986199
0.929688 -0.102493
0.930664 -0.104991
0.931641 -0.106126
0.932617 -0.10591
0.933594 -0.104361
0.93457 -0.101496
0.935547 -0.0973358
0.936523 -0.091902
0.9375 -0.0852187
0.938477 -0.0773116
0.939453 -0.0682084
0.94043 -0.0579385
0.941406 -0.046533
0.942383 -0.0340246
0.943359 -0.0204477
0.944336 -0.0058381
0.945312 0.00976676
0.946289 0.0263282
0.947266 0.043806
0.948242 0.0621589
0.949219 0.0813444
0.950195 0.101319
0.951172 0.122037
0.952148 0.143454
0.953125 0.165523
0.954102 0.188196
0.955078 0.211425
0.956055 0.235161
0.957031 0.259356
0.958008 0.283959
0.958984 0.30892
0.959961 0.334187
0.960938 0.359712
0.961914 0.385441
0.962891 0.411325
0.963867 0.437312
0.964844 0.46335
0.96582 0.489391
0.966797 0.515381
0.967773 0.541273
0.96875 0.567014
0.969727 0.592557
0.970703 0.617853
0.97168 0.642853
0.972656 0.66751
0.973633 0.691777
0.974609 0.71561
0.975586 0.738962
0.976562 0.761792
0.977539 0.784055
0.978516 0.805711
0.979492 0.826719
0.980469 0.847041
0.981445 0.866639
0.982422 0.885478
0.983398 0.903522
0.984375 0.920738
0.985352 0.937096
0.986328 0.952565
0.987305 0.967117
0.988281 0.980726
0.989258 0.993368
0.990234 1.00502
0.991211 1.01566
0.992188 1.02527
0.993164 1.03383
0.994141 1.04133
0.995117 1.04775
0.996094 1.05309
0.99707 1.05733
0.998047 1.06046
0.999023 1.06249
1 1.06341
1.00098 1.06321
1.00195 1.0619
1.00293 1.05948
1.00391 1.05595
1.00488 1.05133
1.00586 1.04563
1.00684 1.03884
1.00781 1.03099
1.00879 1.0221
1.00977 1.01217
1.01074 1.00122
1.01172 0.98929
1.0127 0.976386
1.01367 0.962537
1.01465 0.947769
1.01562 0.932111
1.0166 0.915591
1.01758 0.898241
1.01855 0.880094
1.01953 0.861184
1.02051 0.841547
1.02148 0.82122
1.02246 0.800243
1.02344 0.778655
1.02441 0.756497
1.02539 0.733811
1.02637 0.710642
1.02734 0.687033
1.02832 0.663031
1.0293 0.638681
1.03027 0.61403
1.03125 0.589127
1.03223 0.56402
1.0332 0.538758
1.03418 0.513391
1.03516 0.487969
1.03613 0.462542
1.03711 0.437161
1.03809 0.411877
1.03906 0.386741
1.04004 0.361803
1.04102 0.337115
1.04199 0.312727
1.04297 0.288689
1.04395 0.265052
1.04492 0.241866
1.0459 0.219179
1.04688 0.19704
1.04785 0.175497
1.04883 0.154597
1.0498 0.134388
1.05078 0.114913
1.05176 0.0962186
1.05273 0.0783472
1.05371 0.0613414
1.05469 0.0452424
1.05566 0.0300901
1.05664 0.0159231
1.05762 0.00277847
1.05859 -0.00930803
1.05957 -0.0203023
1.06055 -0.0301717
1.06152 -0.0388853
1.0625 -0.046414
1.06348 -0.0527302
1.06445 -0.0578085
1.06543 -0.0616249
1.06641 -0.0641577
1.06738 -0.0653868
1.06836 -0.0652945
1.06934 -0.0638648
1.07031 -0.0610838
1.07129 -0.0569399
1.07227 -0.0514234
1.07324 -0.0445269
1.07422 -0.036245
1.0752 -0.0265747
1.07617 -0.015515
1.07715 -0.00306723
1.07812 0.010765
1.0791 0.0259761
1.08008 0.0425579
1.08105 0.0605003
1.08203 0.0797908
1.08301 0.100415
1.08398 0.122355
1.08496 0.145593
1.08594 0.170108
1.08691 0.195875
1.08789 0.22287
1.08887 0.251065
1.08984 0.280429
1.09082 0.310932
1.0918 0.34254
1.09277 0.375217
1.09375 0.408926
1.09473 0.443626
1.0957 0.479278
1.09668 0.515837
1.09766 0.553259
1.09863 0.591499
1.09961 0.630506
1.10059 0.670233
1.10156 0.710629
1.10254 0.75164
1.10352 0.793214
1.10449 0.835295
1.10547 0.877827
1.10645 0.920754
1.10742 0.964016
1.1084 1.00755
1.10938 1.05131
1.11035 1.09522
1.11133 1.13923
1.1123 1.18326
1.11328 1.22727
1.11426 1.27118
1.11523 1.31494
1.11621 1.35847
1.11719 1.40172
1.11816 1.44462
1.11914 1.48711
1.12012 1.52912
1.12109 1.5706
1.12207 1.61146
1.12305 1.65166
1.12402 1.69113
1.125 1.72981
1.12598 1.76764
1.12695 1.80455
1.12793 1.84049
1.12891 1.8754
1.12988 1.90922
1.13086 1.94189
1.13184 1.97335
1.13281 2.00356
1.13379 2.03246
1.13477 2.06
1.13574 2.08612
1.13672 2.11078
1.1377 2.13394
1.13867 2.15554
1.13965 2.17554
1.14062 2.1939
1.1416 2.21058
1.14258 2.22554
1.14355 2.23875
1.14453 2.25018
1.14551 2.25978
1.14648 2.26754
1.14746 2.27341
1.14844 2.27739
1.14941 2.27944
1.15039 2.27955
1.15137 2.27769
1.15234 2.27385
1.15332 2.26802
1.1543 2.26019
1.15527 2.25035
1.15625 2.23849
1.15723 2.22461
1.1582 2.2087
1.15918 2.19078
1.16016 2.17084
1.16113 2.14889
1.16211 2.12495
1.16309 2.09901
1.16406 2.0711
1.16504 2.04124
1.16602 2.00944
1.16699 1.97572
1.16797 1.94011
1.16895 1.90264
1.16992 1.86333
1.1709 1.82222
1.17188 1.77934
1.17285 1.73472
1.17383 1.68841
1.1748 1.64045
1.17578 1.59087
1.17676 1.53973
1.17773 1.48706
1.17871 1.43292
1.17969 1.37736
1.18066 1.32043
1.18164 1.26218
1.18262 1.20268
1.18359 1.14198
1.18457 1.08013
1.18555 1.0172
1.18652 0.953251
1.1875 0.888346
1.18848 0.822549
1.18945 0.755927
1.19043 0.688546
1.19141 0.620474
1.19238 0.55178
1.19336 0.482533
1.19434 0.412803
1.19531 0.342663
1.19629 0.272183
1.19727 0.201434
1.19824 0.13049
1.19922 0.0594236
1.2002 -0.0116935
1.20117 -0.0827881
1.20215 -0.153788
1.20312 -0.224619
1.2041 -0.29521
1.20508 -0.365489
1.20605 -0.435383
1.20703 -0.504822
1.20801 -0.573735
1.20898 -0.642053
1.20996 -0.709705
1.21094 -0.776623
1.21191 -0.842741
1.21289 -0.907992
1.21387 -0.97231
1.21484 -1.03563
1.21582 -1.0979
1.2168 -1.15904
1.21777 -1.219
1.21875 -1.27773
1.21973 -1.33516
1.2207 -1.39124
1.22168 -1.44591
1.22266 -1.49913
1.22363 -1.55085
1.22461 -1.60102
1.22559 -1.64958
1.22656 -1.69651
1.22754 -1.74175
1.22852 -1.78527
1.22949 -1.82704
1.23047 -1.86701
1.23145 -1.90515
1.23242 -1.94143
1.2334 -1.97584
1.23438 -2.00833
1.23535 -2.03889
1.23633 -2.06749
1.2373 -2.09413
1.23828 -2.11878
1.23926 -2.14143
1.24023 -2.16207
1.24121 -2.18069
1.24219 -2.19729
1.24316 -2.21186
1.24414 -2.22441
1.24512 -2.23493
1.24609 -2.24343
1.24707 -2.24993
1.24805 -2.25441
1.24902 -2.25691
1.25 -2.25744
1.25098 -2.25601
1.25195 -2.25263
1.25293 -2.24735
1.25391 -2.24017
1.25488 -2.23112
1.25586 -2.22024
1.25684 -2.20755
1.25781 -2.19309
1.25879 -2.17689
1.25977 -2.15899
1.26074 -2.13943
1.26172 -2.11825
1.2627 -2.09549
1.26367 -2.0712
1.26465 -2.04543
1.26562 -2.01821
1.2666 -1.98961
1.26758 -1.95967
1.26855 -1.92845
1.26953 -1.896
1.27051 -1.86238
1.27148 -1.82764
1.27246 -1.79184
1.27344 -1.75503
1.27441 -1.71729
1.27539 -1.67866
1.27637 -1.63922
1.27734 -1.59902
1.27832 -1.55812
1.2793 -1.51659
1.28027 -1.47449
1.28125 -1.43189
1.28223 -1.38885
1.2832 -1.34543
1.28418 -1.3017
1.28516 -1.25772
1.28613 -1.21355
1.28711 -1.16927
1.28809 -1.12493
1.28906 -1.0806
1.29004 -1.03633
1.29102 -0.992199
1.29199 -0.94826
1.29297 -0.904574
1.29395 -0.861202
1.29492 -0.818202
1.2959 -0.775633
1.29688 -0.733551
1.29785 -0.692012
1.29883 -0.651071
1.2998 -0.610781
1.30078 -0.571194
1.30176 -0.53236
1.30273 -0.494328
1.30371 -0.457146
1.30469 -0.42086
1.30566 -0.385513
1.30664 -0.351147
1.30762 -0.317805
1.30859 -0.285523
1.30957 -0.254339
1.31055 -0.224289
1.31152 -0.195403
1.3125 -0.167715
1.31348 -0.141252
1.31445 -0.116041
1.31543 -0.0921066
1.31641 -0.0694716
1.31738 -0.0481562
1.31836 -0.0281784
1.31934 -0.00955412
1.32031 0.00770288
1.32129 0.0235812
1.32227 0.0380715
1.32324 0.0511669
1.32422 0.0628626
1.3252 0.0731561
1.32617 0.0820471
1.32715 0.0895375
1.32812 0.0956314
1.3291 0.100335
1.33008 0.103657
1.33105 0.105608
1.33203 0.1062
1.33301 0.105449
1.33398 0.103372
1.33496 0.0999862
1.33594 0.0953138
1.33691 0.0893772
1.33789 0.0822012
1.33887 0.0738123
1.33984 0.0642388
1.34082 0.0535108
1.3418 0.0416601
1.34277 0.0287201
1.34375 0.0147257
1.34473 -0.000286548
1.3457 -0.0162788
1.34668 -0.0332116
1.34766 -0.0510445
1.34863 -0.0697356
1.34961 -0.0892419
1.35059 -0.109519
1.35156 -0.130523
1.35254 -0.152206
1.35352 -0.174522
1.35449 -0.197423
1.35547 -0.220861
1.35645 -0.244787
1.35742 -0.269151
1.3584 -0.293903
1.35938 -0.318993
1.36035 -0.344369
1.36133 -0.369982
1.3623 -0.395779
1.36328 -0.42171
1.36426 -0.447724
1.36523 -0.473769
1.36621 -0.499796
1.36719 -0.525753
1.36816 -0.55159
1.36914 -0.577258
1.37012 -0.602708
1.37109 -0.627891
1.37207 -0.652759
1.37305 -0.677266
1.37402 -0.701365
1.375 -0.725011
1.37598 -0.748159
1.37695 -0.770767
1.37793 -0.792792
1.37891 -0.814194
1.37988 -0.834932
1.38086 -0.854969
1.38184 -0.874268
1.38281 -0.892792
1.38379 -0.910509
1.38477 -0.927386
1.38574 -0.943392
1.38672 -0.958497
1.3877 -0.972676
1.38867 -0.985901
1.38965 -0.998149
1.39062 -1.0094
1.3916 -1.01963
1.39258 -1.02882
1.39355 -1.03696
1.39453 -1.04403
1.39551 -1.05002
1.39648 -1.05492
1.39746 -1.05871
1.39844 -1.06141
1.39941 -1.06299
1.40039 -1.06346
1.40137 -1.06282
1.40234 -1.06106
1.40332 -1.0582
1.4043 -1.05424
1.40527 -1.04918
1.40625 -1.04304
1.40723 -1.03583
1.4082 -1.02756
1.40918 -1.01825
1.41016 -1.00791
1.41113 -0.996568
1.41211 -0.984243
1.41309 -0.970958
1.41406 -0.956739
1.41504 -0.941611
1.41602 -0.925604
1.41699 -0.908748
1.41797 -0.891076
1.41895 -0.872619
1.41992 -0.853414
1.4209 -0.833497
1.42188 -0.812905
1.42285 -0.791679
1.42383 -0.769858
1.4248 -0.747484
1.42578 -0.724599
1.42676 -0.701249
1.42773 -0.677477
1.42871 -0.65333
1.42969 -0.628854
1.43066 -0.604096
1.43164 -0.579106
1.43262 -0.553931
1.43359 -0.528621
1.43457 -0.503226
1.43555 -0.477796
1.43652 -0.452381
1.4375 -0.427033
1.43848 -0.401802
1.43945 -0.376739
1.44043 -0.351895
1.44141 -0.327321
1.44238 -0.303067
1.44336 -0.279184
1.44434 -0.255721
1.44531 -0.232728
1.44629 -0.210255
1.44727 -0.188348
1.44824 -0.167057
1.44922 -0.146428
1.4502 -0.126507
1.45117 -0.107339
1.45215 -0.0889688
1.45312 -0.0714387
1.4541 -0.0547907
1.45508 -0.0390657
1.45605 -0.024303
1.45703 -0.0105405
1.45801 0.00218505
1.45898 0.0138387
1.45996 0.0243868
1.46094 0.0337975
1.46191 0.0420405
1.46289 0.0490874
1.46387 0.0549115
1.46484 0.0594877
1.46582 0.0627932
1.4668 0.0648068
1.46777 0.0655094
1.46875 0.0648839
1.46973 0.0629153
1.4707 0.0595904
1.47168 0.0548985
1.47266 0.0488308
1.47363 0.0413806
1.47461 0.0325436
1.47559 0.0223175
1.47656 0.0107023
1.47754 -0.00229981
1.47852 -0.0166844
1.47949 -0.0324449
1.48047 -0.0495723
1.48145 -0.0680555
1.48242 -0.0878813
1.4834 -0.109034
1.48438 -0.131496
1.48535 -0.155247
1.48633 -0.180266
1.4873 -0.206527
1.48828 -0.234005
1.48926 -0.262672
1.49023 -0.292496
1.49121 -0.323445
1.49219 -0.355485
1.49316 -0.388579
1.49414 -0.422689
1.49512 -0.457775
1.49609 -0.493795
1.49707 -0.530705
1.49805 -0.56846
1.49902 -0.607012
1.5 -0.646314
1.50098 -0.686314
1.50195 -0.726963
1.50293 -0.768205
1.50391 -0.809989
1.50488 -0.852257
1.50586 -0.894954
1.50684 -0.938022
1.50781 -0.981402
1.50879 -1.02503
1.50977 -1.06886
1.51074 -1.11282
1.51172 -1.15684
1.5127 -1.20087
1.51367 -1.24485
1.51465 -1.28871
1.51562 -1.33238
1.5166 -1.37581
1.51758 -1.41893
1.51855 -1.46167
1.51953 -1.50398
1.52051 -1.54578
1.52148 -1.58702
1.52246 -1.62763
1.52344 -1.66754
1.52441 -1.70671
1.52539 -1.74505
1.52637 -1.78252
1.52734 -1.81905
1.52832 -1.85458
1.5293 -1.88906
1.53027 -1.92243
1.53125 -1.95462
1.53223 -1.98559
1.5332 -2.01528
1.53418 -2.04364
1.53516 -2.07062
1.53613 -2.09616
1.53711 -2.12023
1.53809 -2.14277
1.53906 -2.16373
1.54004 -2.18308
1.54102 -2.20077
1.54199 -2.21677
1.54297 -2.23104
1.54395 -2.24354
1.54492 -2.25424
1.5459 -2.26311
1.54688 -2.27011
1.54785 -2.27523
1.54883 -2.27844
1.5498 -2.27972
1.55078 -2.27904
1.55176 -2.27639
1.55273 -2.27176
1.55371 -2.26513
1.55469 -2.2565
1.55566 -2.24585
1.55664 -2.23318
1.55762 -2.21849
1.55859 -2.20178
1.55957 -2.18305
1.56055 -2.1623
1.56152 -2.13955
1.5625 -2.11481
1.56348 -2.08808
1.56445 -2.05939
1.56543 -2.02875
1.56641 -1.99618
1.56738 -1.9617
1.56836 -1.92534
1.56934 -1.88713
1.57031 -1.8471
1.57129 -1.80528
1.57227 -1.7617
1.57324 -1.7164
1.57422 -1.66942
1.5752 -1.62081
1.57617 -1.5706
1.57715 -1.51884
1.57812 -1.46558
1.5791 -1.41086
1.58008 -1.35475
1.58105 -1.29729
1.58203 -1.23853
1.58301 -1.17854
1.58398 -1.11737
1.58496 -1.05508
1.58594 -0.991739
1.58691 -0.9274
1.58789 -0.86213
1.58887 -0.795996
1.58984 -0.729062
1.59082 -0.661396
1.5918 -0.593067
1.59277 -0.524143
1.59375 -0.454695
1.59473 -0.384793
1.5957 -0.314508
1.59668 -0.243911
1.59766 -0.173076
1.59863 -0.102074
1.59961 -0.0309787
1.60059 0.0401381
1.60156 0.111203
1.60254 0.182144
1.60352 0.252888
1.60449 0.323363
1.60547 0.393497
1.60645 0.463218
1.60742 0.532455
1.6084 0.601138
1.60938 0.669197
1.61035 0.736564
1.61133 0.80317
1.6123 0.868949
1.61328 0.933835
1.61426 0.997762
1.61523 1.06067
1.61621 1.12249
1.61719 1.18317
1.61816 1.24264
1.61914 1.30086
1.62012 1.35775
1.62109 1.41328
1.62207 1.46738
1.62305 1.52
1.62402 1.57111
1.625 1.62064
1.62598 1.66855
1.62695 1.71481
1.62793 1.75937
1.62891 1.80219
1.62988 1.84324
1.63086 1.88248
1.63184 1.91989
1.63281 1.95542
1.63379 1.98906
1.63477 2.02078
1.63574 2.05056
1.63672 2.07838
1.6377 2.10423
1.63867 2.12808
1.63965 2.14993
1.64062 2.16976
1.6416 2.18757
1.64258 2.20336
1.64355 2.21712
1.64453 2.22886
1.64551 2.23857
1.64648 2.24627
1.64746 2.25196
1.64844 2.25565
1.64941 2.25736
1.65039 2.2571
1.65137 2.25489
1.65234 2.25075
1.65332 2.2447
1.6543 2.23677
1.65527 2.22699
1.65625 2.21538
1.65723 2.20198
1.6582 2.18681
1.65918 2.16993
1.66016 2.15136
1.66113 2.13115
1.66211 2.10933
1.66309 2.08596
1.66406 2.06107
1.66504 2.03471
1.66602 2.00694
1.66699 1.97779
1.66797 1.94734
1.66895 1.91562
1.66992 1.88269
1.6709 1.84861
1.67188 1.81344
1.67285 1.77723
1.67383 1.74005
1.6748 1.70194
1.67578 1.66298
1.67676 1.62323
1.67773 1.58274
1.67871 1.54158
1.67969 1.49982
1.68066 1.45751
1.68164 1.41472
1.68262 1.37152
1.68359 1.32797
1.68457 1.28413
1.68555 1.24007
1.68652 1.19585
1.6875 1.15154
1.68848 1.10719
1.68945 1.06288
1.69043 1.01866
1.69141 0.974597
1.69238 0.930751
1.69336 0.887184
1.69434 0.843954
1.69531 0.801119
1.69629 0.758738
1.69727 0.716867
1.69824 0.675561
1.69922 0.634874
1.7002 0.594859
1.70117 0.555567
1.70215 0.517048
1.70312 0.479351
1.7041 0.442522
1.70508 0.406606
1.70605 0.371646
1.70703 0.337685
1.70801 0.304763
1.70898 0.272916
1.70996 0.242181
1.71094 0.212593
1.71191 0.184183
1.71289 0.156981
1.71387 0.131016
1.71484 0.106313
1.71582 0.0828955
1.7168 0.0607861
1.71777 0.0400036
1.71875 0.0205654
1.71973 0.00248656
1.7207 -0.0142202
1.72168 -0.0295443
1.72266 -0.0434774
1.72363 -0.0560134
1.72461 -0.0671484
1.72559 -0.0768808
1.72656 -0.0852111
1.72754 -0.0921423
1.72852 -0.0976792
1.72949 -0.101829
1.73047 -0.104601
1.73145 -0.106007
1.73242 -0.10606
1.7334 -0.104777
1.73438 -0.102173
1.73535 -0.0982705
1.73633 -0.0930895
1.7373 -0.0866541
1.73828 -0.0789896
1.73926 -0.0701234
1.74023 -0.0600844
1.74121 -0.0489034
1.74219 -0.0366129
1.74316 -0.0232468
1.74414 -0.00884086
1.74512 0.00656801
1.74609 0.0229413
1.74707 0.0402391
1.74805 0.0584204
1.74902 0.0774428
1.75 0.0972629
1.75098 0.117836
1.75195 0.139117
1.75293 0.161059
1.75391 0.183615
1.75488 0.206737
1.75586 0.230376
1.75684 0.254483
1.75781 0.279008
1.75879 0.303901
1.75977 0.329112
1.76074 0.354589
1.76172 0.380281
1.7627 0.406138
1.76367 0.432108
1.76465 0.458141
1.76562 0.484185
1.7666 0.51019
1.76758 0.536105
1.76855 0.56188
1.76953 0.587467
1.77051 0.612816
1.77148 0.637879
1.77246 0.662608
1.77344 0.686957
1.77441 0.71088
1.77539 0.734332
1.77637 0.75727
1.77734 0.779649
1.77832 0.80143
1.7793 0.822571
1.78027 0.843033
1.78125 0.862779
1.78223 0.881772
1.7832 0.899978
1.78418 0.917363
1.78516 0.933894
1.78613 0.949544
1.78711 0.964281
1.78809 0.978081
1.78906 0.990918
1.79004 1.00277
1.79102 1.01361
1.79199 1.02343
1.79297 1.0322
1.79395 1.03991
1.79492 1.04655
1.7959 1.05211
1.79688 1.05657
1.79785 1.05992
1.79883 1.06217
1.7998 1.06331
1.80078 1.06334
1.80176 1.06225
1.80273 1.06005
1.80371 1.05675
1.80469 1.05235
1.80566 1.04685
1.80664 1.04028
1.80762 1.03265
1.80859 1.02396
1.80957 1.01423
1.81055 1.00349
1.81152 0.991755
1.8125 0.979043
1.81348 0.965381
1.81445 0.950795
1.81543 0.935312
1.81641 0.918962
1.81738 0.901775
1.81836 0.883785
1.81934 0.865025
1.82031 0.845531
1.82129 0.825339
1.82227 0.804489
1.82324 0.783019
1.82422 0.760972
1.8252 0.738389
1.82617 0.715313
1.82715 0.691788
1.82812 0.667861
1.8291 0.643576
1.83008 0.618982
1.83105 0.594125
1.83203 0.569055
1.83301 0.54382
1.83398 0.51847
1.83496 0.493055
1.83594 0.467625
1.83691 0.442231
1.83789 0.416924
1.83887 0.391754
1.83984 0.366772
1.84082 0.34203
1.8418 0.317578
1.84277 0.293466
1.84375 0.269745
1.84473 0.246465
1.8457 0.223674
1.84668 0.201421
1.84766 0.179756
1.84863 0.158724
1.84961 0.138372
1.85059 0.118747
1.85156 0.0998931
1.85254 0.0818536
1.85352 0.0646713
1.85449 0.0483877
1.85547 0.033043
1.85645 0.0186759
1.85742 0.00532387
1.8584 -0.00697704
1.85938 -0.0181924
1.86035 -0.0282893
1.86133 -0.0372364
1.8623 -0.0450044
1.86328 -0.0515652
1.86426 -0.056893
1.86523 -0.0609636
1.86621 -0.0637548
1.86719 -0.0652462
1.86816 -0.0654195
1.86914 -0.0642584
1.87012 -0.0617487
1.87109 -0.0578782
1.87207 -0.0526369
1.87305 -0.0460169
1.87402 -0.0380124
1.875 -0.0286199
1.87598 -0.017838
1.87695 -0.00566769
1.87793 0.00788807
1.87891 0.0228239
1.87988 0.0391324
1.88086 0.0568036
1.88184 0.0758255
1.88281 0.0961841
1.88379 0.117863
1.88477 0.140843
1.88574 0.165104
1.88672 0.190623
1.8877 0.217374
1.88867 0.245331
1.88965 0.274464
1.89062 0.304742
1.8916 0.336132
1.89258 0.368598
1.89355 0.402103
1.89453 0.436609
1.89551 0.472074
1.89648 0.508455
1.89746 0.545708
1.89844 0.583788
1.89941 0.622646
1.90039 0.662233
1.90137 0.702499
1.90234 0.743391
1.90332 0.784857
1.9043 0.826841
1.90527 0.869288
1.90625 0.91214
1.90723 0.955339
1.9082 0.998828
1.90918 1.04254
1.91016 1.08643
1.91113 1.13042
1.91211 1.17446
1.91309 1.21847
1.91406 1.26241
1.91504 1.3062
1.91602 1.34979
1.91699 1.3931
1.91797 1.43608
1.91895 1.47865
1.91992 1.52076
1.9209 1.56235
1.92188 1.60334
1.92285 1.64368
1.92383 1.6833
1.9248 1.72214
1.92578 1.76015
1.92676 1.79725
1.92773 1.83339
1.92871 1.86851
1.92969 1.90254
1.93066 1.93545
1.93164 1.96716
1.93262 1.99763
1.93359 2.02679
1.93457 2.0546
1.93555 2.08101
1.93652 2.10597
1.9375 2.12943
1.93848 2.15134
1.93945 2.17167
1.94043 2.19036
1.94141 2.20738
1.94238 2.22269
1.94336 2.23625
1.94434 2.24804
1.94531 2.25801
1.94629 2.26613
1.94727 2.27239
1.94824 2.27675
1.94922 2.27918
1.9502 2.27968
1.95117 2.27822
1.95215 2.27478
1.95312 2.26935
1.9541 2.26192
1.95508 2.25248
1.95605 2.24102
1.95703 2.22754
1.95801 2.21205
1.95898 2.19453
1.95996 2.17499
1.96094 2.15344
1.96191 2.1299
1.96289 2.10436
1.96387 2.07684
1.96484 2.04737
1.96582 2.01595
1.9668 1.98261
1.96777 1.94738
1.96875 1.91028
1.96973 1.87134
1.9707 1.83059
1.97168 1.78806
1.97266 1.74378
1.97363 1.69781
1.97461 1.65017
1.97559 1.60091
1.97656 1.55008
1.97754 1.49771
1.97852 1.44386
1.97949 1.38858
1.98047 1.33192
1.98145 1.27394
1.98242 1.21468
1.9834 1.15421
1.98438 1.09259
1.98535 1.02987
1.98633 0.966119
1.9873 0.9014
1.98828 0.835777
1.98926 0.769314
1.99023 0.70208
1.99121 0.63414
1.99219 0.565565
1.99316 0.496423
1.99414 0.426784
1.99512 0.35672
1.99609 0.286302
1.99707 0.215602
1.99805 0.144691
1.99902 0.0736434
2 0.00253046
2.00098 -0.0685745
2.00195 -0.139599
2.00293 -0.21047
2.00391 -0.281115
2.00488 -0.351462
2.00586 -0.421439
2.00684 -0.490974
2.00781 -0.559998
2.00879 -0.62844
2.00977 -0.696231
2.01074 -0.763301
2.01172 -0.829585
2.0127 -0.895014
2.01367 -0.959524
2.01465 -1.02305
2.01562 -1.08553
2.0166 -1.1469
2.01758 -1.20711
2.01855 -1.26608
2.01953 -1.32378
2.02051 -1.38013
2.02148 -1.43509
2.02246 -1.48861
2.02344 -1.54063
2.02441 -1.59111
2.02539 -1.64
2.02637 -1.68726
2.02734 -1.73284
2.02832 -1.77671
2.0293 -1.81883
2.03027 -1.85916
2.03125 -1.89767
2.03223 -1.93433
2.0332 -1.96911
2.03418 -2.00198
2.03516 -2.03293
2.03613 -2.06193
2.03711 -2.08896
2.03809 -2.11401
2.03906 -2.13706
2.04004 -2.1581
2.04102 -2.17713
2.04199 -2.19413
2.04297 -2.20911
2.04395 -2.22206
2.04492 -2.23299
2.0459 -2.24189
2.04688 -2.24879
2.04785 -2.25368
2.04883 -2.25657
2.0498 -2.25749
2.05078 -2.25645
2.05176 -2.25346
2.05273 -2.24856
2.05371 -2.24175
2.05469 -2.23308
2.05566 -2.22256
2.05664 -2.21023
2.05762 -2.19612
2.05859 -2.18027
2.05957 -2.1627
2.06055 -2.14347
2.06152 -2.12261
2.0625 -2.10017
2.06348 -2.07618
2.06445 -2.0507
2.06543 -2.02377
2.06641 -1.99544
2.06738 -1.96577
2.06836 -1.9348
2.06934 -1.90259
2.07031 -1.8692
2.07129 -1.83467
2.07227 -1.79908
2.07324 -1.76247
2.07422 -1.72491
2.0752 -1.68646
2.07617 -1.64717
2.07715 -1.60712
2.07812 -1.56635
2.0791 -1.52494
2.08008 -1.48295
2.08105 -1.44045
2.08203 -1.39749
2.08301 -1.35414
2.08398 -1.31046
2.08496 -1.26653
2.08594 -1.2224
2.08691 -1.17813
2.08789 -1.1338
2.08887 -1.08946
2.08984 -1.04518
2.09082 -1.00101
2.0918 -0.957029
2.09277 -0.913288
2.09375 -0.869848
2.09473 -0.826769
2.0957 -0.784109
2.09668 -0.741925
2.09766 -0.700274
2.09863 -0.659209
2.09961 -0.618784
2.10059 -0.579052
2.10156 -0.540064
2.10254 -0.501868
2.10352 -0.464512
2.10449 -0.428043
2.10547 -0.392505
2.10645 -0.35794
2.10742 -0.32439
2.1084 -0.291893
2.10938 -0.260487
2.11035 -0.230207
2.11133 -0.201086
2.1123 -0.173156
2.11328 -0.146445
2.11426 -0.120982
2.11523 -0.0967902
2.11621 -0.0738937
2.11719 -0.0523128
2.11816 -0.0320661
2.11914 -0.01317
2.12012 0.00436144
2.12109 0.0205163
2.12207 0.0352849
2.12305 0.0486597
2.12402 0.0606356
2.125 0.0712097
2.12598 0.0803811
2.12695 0.0881513
2.12793 0.094524
2.12891 0.0995052
2.12988 0.103103
2.13086 0.105327
2.13184 0.10619
2.13281 0.105706
2.13379 0.103893
2.13477 0.100767
2.13574 0.0963502
2.13672 0.0906645
2.1377 0.0837343
2.13867 0.0755857
2.13965 0.0662468
2.14062 0.0557473
2.1416 0.0441185
2.14258 0.0313936
2.14355 0.0176072
2.14453 0.00279553
2.14551 -0.0130038
2.14648 -0.0297517
2.14746 -0.0474079
2.14844 -0.0659308
2.14941 -0.0852776
2.15039 -0.105404
2.15137 -0.126266
2.15234 -0.147817
2.15332 -0.17001
2.1543 -0.192798
2.15527 -0.216133
2.15625 -0.239965
2.15723 -0.264246
2.1582 -0.288924
2.15918 -0.31395
2.16016 -0.339273
2.16113 -0.364843
2.16211 -0.390607
2.16309 -0.416516
2.16406 -0.442517
2.16504 -0.46856
2.16602 -0.494594
2.16699 -0.520569
2.16797 -0.546434
2.16895 -0.57214
2.16992 -0.597638
2.1709 -0.622878
2.17188 -0.647813
2.17285 -0.672396
2.17383 -0.69658
2.1748 -0.72032
2.17578 -0.743572
2.17676 -0.766291
2.17773 -0.788436
2.17871 -0.809965
2.17969 -0.83084
2.18066 -0.85102
2.18164 -0.870469
2.18262 -0.889151
2.18359 -0.907032
2.18457 -0.924079
2.18555 -0.940262
2.18652 -0.95555
2.1875 -0.969915
2.18848 -0.983333
2.18945 -0.995778
2.19043 -1.00723
2.19141 -1.01766
2.19238 -1.02706
2.19336 -1.03542
2.19434 -1.0427
2.19531 -1.04891
2.19629 -1.05402
2.19727 -1.05804
2.19824 -1.06096
2.19922 -1.06276
2.2002 -1.06345
2.20117 -1.06303
2.20215 -1.0615
2.20312 -1.05886
2.2041 -1.05512
2.20508 -1.05028
2.20605 -1.04436
2.20703 -1.03736
2.20801 -1.0293
2.20898 -1.02019
2.20996 -1.01006
2.21094 -0.998916
2.21191 -0.986786
2.21289 -0.973691
2.21387 -0.959656
2.21484 -0.944708
2.21582 -0.928874
2.2168 -0.912186
2.21777 -0.894674
2.21875 -0.876371
2.21973 -0.857313
2.2207 -0.837536
2.22168 -0.817076
2.22266 -0.795973
2.22363 -0.774268
2.22461 -0.752001
2.22559 -0.729215
2.22656 -0.705954
2.22754 -0.682263
2.22852 -0.658187
2.22949 -0.633773
2.23047 -0.609068
2.23145 -0.58412
2.23242 -0.558978
2.2334 -0.533691
2.23438 -0.508309
2.23535 -0.482882
2.23633 -0.457461
2.2373 -0.432095
2.23828 -0.406837
2.23926 -0.381736
2.24023 -0.356844
2.24121 -0.332212
2.24219 -0.30789
2.24316 -0.283928
2.24414 -0.260377
2.24512 -0.237287
2.24609 -0.214705
2.24707 -0.192682
2.24805 -0.171264
2.24902 -0.150499
2.25 -0.130433
2.25098 -0.111111
2.25195 -0.0925771
2.25293 -0.0748754
2.25391 -0.0580478
2.25488 -0.042135
2.25586 -0.0271767
2.25684 -0.0132112
2.25781 -0.000275407
2.25879 0.0115953
2.25977 0.0223671
2.26074 0.0320078
2.26172 0.0404867
2.2627 0.0477751
2.26367 0.0538457
2.26465 0.0586734
2.26562 0.0622348
2.2666 0.0645084
2.26758 0.0654746
2.26855 0.065116
2.26953 0.0634171
2.27051 0.0603644
2.27148 0.0559467
2.27246 0.0501547
2.27344 0.0429815
2.27441 0.0344221
2.27539 0.0244739
2.27637 0.0131364
2.27734 0.000411385
2.27832 -0.0136972
2.2793 -0.0291831
2.28027 -0.0460379
2.28125 -0.064251
2.28223 -0.0838094
2.2832 -0.104698
2.28418 -0.1269
2.28516 -0.150395
2.28613 -0.175162
2.28711 -0.201177
2.28809 -0.228414
2.28906 -0.256845
2.29004 -0.28644
2.29102 -0.317167
2.29199 -0.348991
2.29297 -0.381878
2.29395 -0.415788
2.29492 -0.450682
2.2959 -0.486518
2.29688 -0.523254
2.29785 -0.560843
2.29883 -0.59924
2.2998 -0.638396
2.30078 -0.678261
2.30176 -0.718784
2.30273 -0.759912
2.30371 -0.801591
2.30469 -0.843767
2.30566 -0.886383
2.30664 -0.929381
2.30762 -0.972703
2.30859 -1.01629
2.30957 -1.06008
2.31055 -1.10402
2.31152 -1.14803
2.3125 -1.19207
2.31348 -1.23606
2.31445 -1.27995
2.31543 -1.32367
2.31641 -1.36715
2.31738 -1.41033
2.31836 -1.45316
2.31934 -1.49556
2.32031 -1.53746
2.32129 -1.57882
2.32227 -1.61956
2.32324 -1.65962
2.32422 -1.69894
2.3252 -1.73745
2.32617 -1.7751
2.32715 -1.81182
2.32812 -1.84756
2.3291 -1.88225
2.33008 -1.91585
2.33105 -1.94828
2.33203 -1.9795
2.33301 -2.00945
2.33398 -2.03808
2.33496 -2.06534
2.33594 -2.09117
2.33691 -2.11554
2.33789 -2.13838
2.33887 -2.15967
2.33984 -2.17934
2.34082 -2.19737
2.3418 -2.21371
2.34277 -2.22833
2.34375 -2.24118
2.34473 -2.25224
2.3457 -2.26148
2.34668 -2.26886
2.34766 -2.27436
2.34863 -2.27795
2.34961 -2.27962
2.35059 -2.27933
2.35156 -2.27708
2.35254 -2.27285
2.35352 -2.26662
2.35449 -2.25839
2.35547 -2.24814
2.35645 -2.23587
2.35742 -2.22159
2.3584 -2.20528
2.35938 -2.18695
2.36035 -2.16661
2.36133 -2.14426
2.3623 -2.11992
2.36328 -2.09359
2.36426 -2.06529
2.36523 -2.03503
2.36621 -2.00285
2.36719 -1.96875
2.36816 -1.93276
2.36914 -1.89492
2.37012 -1.85525
2.37109 -1.81378
2.37207 -1.77055
2.37305 -1.7256
2.37402 -1.67895
2.375 -1.63066
2.37598 -1.58077
2.37695 -1.52931
2.37793 -1.47635
2.37891 -1.42192
2.37988 -1.36608
2.38086 -1.30888
2.38184 -1.25038
2.38281 -1.19063
2.38379 -1.1297
2.38477 -1.06763
2.38574 -1.00449
2.38672 -0.940344
2.3877 -0.875256
2.38867 -0.809289
2.38965 -0.742509
2.39062 -0.674985
2.3916 -0.606783
2.39258 -0.537972
2.39355 -0.468623
2.39453 -0.398806
2.39551 -0.328592
2.39648 -0.258052
2.39746 -0.187259
2.39844 -0.116285
2.39941 -0.0452019
2.40039 0.0259166
2.40137 0.096998
2.40234 0.16797
2.40332 0.238759
2.4043 0.309293
2.40527 0.379501
2.40625 0.44931
2.40723 0.518649
2.4082 0.587449
2.40918 0.655638
2.41016 0.723149
2.41113 0.789913
2.41211 0.855863
2.41309 0.920932
2.41406 0.985056
2.41504 1.04817
2.41602 1.11022
2.41699 1.17113
2.41797 1.23085
2.41895 1.28932
2.41992 1.34648
2.4209 1.40228
2.42188 1.45667
2.42285 1.5096
2.42383 1.56101
2.4248 1.61086
2.42578 1.6591
2.42676 1.70569
2.42773 1.7506
2.42871 1.79377
2.42969 1.83517
2.43066 1.87478
2.43164 1.91255
2.43262 1.94847
2.43359 1.98249
2.43457 2.01459
2.43555 2.04476
2.43652 2.07298
2.4375 2.09922
2.43848 2.12347
2.43945 2.14572
2.44043 2.16595
2.44141 2.18417
2.44238 2.20036
2.44336 2.21453
2.44434 2.22667
2.44531 2.23679
2.44629 2.24489
2.44727 2.25098
2.44824 2.25507
2.44922 2.25718
2.4502 2.25731
2.45117 2.25549
2.45215 2.25173
2.45312 2.24606
2.4541 2.23851
2.45508 2.22909
2.45605 2.21784
2.45703 2.2048
2.45801 2.18999
2.45898 2.17344
2.45996 2.15521
2.46094 2.13532
2.46191 2.11382
2.46289 2.09075
2.46387 2.06616
2.46484 2.0401
2.46582 2.0126
2.4668 1.98373
2.46777 1.95353
2.46875 1.92206
2.46973 1.88937
2.4707 1.85552
2.47168 1.82056
2.47266 1.78455
2.47363 1.74756
2.47461 1.70963
2.47559 1.67084
2.47656 1.63124
2.47754 1.59089
2.47852 1.54986
2.47949 1.50821
2.48047 1.46601
2.48145 1.42331
2.48242 1.38019
2.4834 1.3367
2.48438 1.29292
2.48535 1.2489
2.48633 1.2047
2.4873 1.1604
2.48828 1.11606
2.48926 1.07173
2.49023 1.02749
2.49121 0.983394
2.49219 0.9395
2.49316 0.895872
2.49414 0.85257
2.49512 0.809652
2.49609 0.767175
2.49707 0.725198
2.49805 0.683774
2.49902 0.642959
2.5 0.602806
2.50098 0.563365
2.50195 0.524688
2.50293 0.486822
2.50391 0.449816
2.50488 0.413714
2.50586 0.37856
2.50684 0.344396
2.50781 0.311262
2.50879 0.279197
2.50977 0.248238
2.51074 0.218417
2.51172 0.189769
2.5127 0.162323
2.51367 0.136109
2.51465 0.111151
2.51562 0.087475
2.5166 0.0651024
2.51758 0.0440531
2.51855 0.0243448
2.51953 0.00599294
2.52051 -0.0109892
2.52148 -0.0265905
2.52246 -0.0408024
2.52344 -0.0536182
2.52441 -0.0650336
2.52539 -0.0750465
2.52637 -0.0836571
2.52734 -0.0908678
2.52832 -0.0966831
2.5293 -0.10111
2.53027 -0.104157
2.53125 -0.105835
2.53223 -0.106157
2.5332 -0.105139
2.53418 -0.102799
2.53516 -0.099154
2.53613 -0.0942268
2.53711 -0.0880403
2.53809 -0.0806196
2.53906 -0.0719914
2.54004 -0.0621845
2.54102 -0.0512294
2.54199 -0.0391581
2.54297 -0.0260044
2.54395 -0.0118035
2.54492 0.00340783
2.5459 0.0195914
2.54688 0.0367075
2.54785 0.0547155
2.54883 0.0735731
2.5498 0.0932372
2.55078 0.113663
2.55176 0.134806
2.55273 0.15662
2.55371 0.179057
2.55469 0.202069
2.55566 0.225609
2.55664 0.249626
2.55762 0.274072
2.55859 0.298896
2.55957 0.324047
2.56055 0.349474
2.56152 0.375128
2.5625 0.400956
2.56348 0.426908
2.56445 0.452932
2.56543 0.478978
2.56641 0.504994
2.56738 0.530931
2.56836 0.556739
2.56934 0.582367
2.57031 0.607767
2.57129 0.632891
2.57227 0.657691
2.57324 0.68212
2.57422 0.706132
2.5752 0.729682
2.57617 0.752726
2.57715 0.77522
2.57812 0.797124
2.5791 0.818396
2.58008 0.838997
2.58105 0.858889
2.58203 0.878036
2.58301 0.896401
2.58398 0.913953
2.58496 0.930658
2.58594 0.946486
2.58691 0.961408
2.58789 0.975398
2.58887 0.988429
2.58984 1.00048
2.59082 1.01153
2.5918 1.02155
2.59277 1.03053
2.59375 1.03846
2.59473 1.04531
2.5957 1.05108
2.59668 1.05576
2.59766 1.05934
2.59863 1.06181
2.59961 1.06317
2.60059 1.06342
2.60156 1.06255
2.60254 1.06058
2.60352 1.0575
2.60449 1.05331
2.60547 1.04804
2.60645 1.04168
2.60742 1.03426
2.6084 1.02578
2.60938 1.01626
2.61035 1.00572
2.61133 0.994181
2.6123 0.981662
2.61328 0.968188
2.61426 0.953785
2.61523 0.938479
2.61621 0.9223
2.61719 0.905278
2.61816 0.887446
2.61914 0.868837
2.62012 0.849486
2.62109 0.829431
2.62207 0.80871
2.62305 0.787361
2.62402 0.765426
2.625 0.742946
2.62598 0.719965
2.62695 0.696527
2.62793 0.672676
2.62891 0.648459
2.62988 0.623923
2.63086 0.599115
2.63184 0.574084
2.63281 0.548878
2.63379 0.523547
2.63477 0.498141
2.63574 0.47271
2.63672 0.447305
2.6377 0.421976
2.63867 0.396775
2.63965 0.371751
2.64062 0.346957
2.6416 0.322443
2.64258 0.298259
2.64355 0.274456
2.64453 0.251083
2.64551 0.22819
2.64648 0.205826
2.64746 0.184039
2.64844 0.162877
2.64941 0.142386
2.65039 0.122612
2.65137 0.1036
2.65234 0.0853942
2.65332 0.0680372
2.6543 0.0515706
2.65527 0.0360349
2.65625 0.0214693
2.65723 0.00791131
2.6582 -0.00460262
2.65918 -0.0160378
2.66016 -0.0263609
2.66113 -0.0355404
2.66211 -0.0435465
2.66309 -0.0503509
2.66406 -0.0559273
2.66504 -0.0602512
2.66602 -0.0632999
2.66699 -0.0650528
2.66797 -0.0654911
2.66895 -0.0645981
2.66992 -0.0623592
2.6709 -0.0587617
2.67188 -0.0537953
2.67285 -0.0474515
2.67383 -0.0397243
2.6748 -0.0306095
2.67578 -0.0201056
2.67676 -0.00821272
2.67773 0.00506631
2.67871 0.0197267
2.67969 0.0357613
2.68066 0.0531608
2.68164 0.0719137
2.68262 0.0920062
2.68359 0.113422
2.68457 0.136144
2.68555 0.16015
2.68652 0.185419
2.6875 0.211926
2.68848 0.239645
2.68945 0.268545
2.69043 0.298597
2.69141 0.329767
2.69238 0.362021
2.69336 0.395321
2.69434 0.42963
2.69531 0.464906
2.69629 0.501107
2.69727 0.53819
2.69824 0.576108
2.69922 0.614814
2.7002 0.65426
2.70117 0.694394
2.70215 0.735165
2.70312 0.776521
2.7041 0.818405
2.70508 0.860764
2.70605 0.90354
2.70703 0.946674
2.70801 0.99011
2.70898 1.03379
2.70996 1.07764
2.71094 1.12162
2.71191 1.16565
2.71289 1.20968
2.71387 1.25363
2.71484 1.29746
2.71582 1.34109
2.7168 1.38446
2.71777 1.42751
2.71875 1.47017
2.71973 1.51238
2.7207 1.55408
2.72168 1.59519
2.72266 1.63567
2.72363 1.67544
2.72461 1.71444
2.72559 1.75262
2.72656 1.7899
2.72754 1.82624
2.72852 1.86157
2.72949 1.89583
2.73047 1.92896
2.73145 1.96092
2.73242 1.99163
2.7334 2.02106
2.73438 2.04915
2.73535 2.07585
2.73633 2.1011
2.7373 2.12486
2.73828 2.14709
2.73926 2.16773
2.74023 2.18675
2.74121 2.20411
2.74219 2.21977
2.74316 2.23368
2.74414 2.24583
2.74512 2.25616
2.74609 2.26466
2.74707 2.27129
2.74805 2.27603
2.74902 2.27885
2.75 2.27974
2.75098 2.27867
2.75195 2.27563
2.75293 2.2706
2.75391 2.26357
2.75488 2.25453
2.75586 2.24348
2.75684 2.2304
2.75781 2.21531
2.75879 2.19819
2.75977 2.17906
2.76074 2.15791
2.76172 2.13476
2.7627 2.10962
2.76367 2.0825
2.76465 2.05342
2.76562 2.02239
2.7666 1.98943
2.76758 1.95458
2.76855 1.91785
2.76953 1.87927
2.77051 1.83888
2.77148 1.7967
2.77246 1.75278
2.77344 1.70714
2.77441 1.65983
2.77539 1.61089
2.77637 1.56037
2.77734 1.5083
2.77832 1.45475
2.7793 1.39975
2.78027 1.34336
2.78125 1.28564
2.78223 1.22663
2.7832 1.1664
2.78418 1.105
2.78516 1.0425
2.78613 0.978948
2.78711 0.914418
2.78809 0.848971
2.78906 0.782671
2.79004 0.715585
2.79102 0.647781
2.79199 0.579327
2.79297 0.510293
2.79395 0.440748
2.79492 0.370764
2.7959 0.300411
2.79688 0.229761
2.79785 0.158887
2.79883 0.0878605
2.7998 0.0167547
2.80078 -0.0543576
2.80176 -0.125404
2.80273 -0.196311
2.80371 -0.267007
2.80469 -0.337419
2.80566 -0.407476
2.80664 -0.477106
2.80762 -0.546238
2.80859 -0.614802
2.80957 -0.682728
2.81055 -0.749948
2.81152 -0.816394
2.8125 -0.882
2.81348 -0.946699
2.81445 -1.01043
2.81543 -1.07312
2.81641 -1.13472
2.81738 -1.19516
2.81836 -1.25439
2.81934 -1.31234
2.82031 -1.36897
2.82129 -1.42421
2.82227 -1.47802
2.82324 -1.53035
2.82422 -1.58114
2.8252 -1.63035
2.82617 -1.67794
2.82715 -1.72386
2.82812 -1.76807
2.8291 -1.81054
2.83008 -1.85123
2.83105 -1.89011
2.83203 -1.92714
2.83301 -1.9623
2.83398 -1.99556
2.83496 -2.0269
2.83594 -2.05629
2.83691 -2.08371
2.83789 -2.10916
2.83887 -2.13261
2.83984 -2.15405
2.84082 -2.17348
2.8418 -2.19089
2.84277 -2.20627
2.84375 -2.21963
2.84473 -2.23096
2.8457 -2.24027
2.84668 -2.24757
2.84766 -2.25286
2.84863 -2.25615
2.84961 -2.25747
2.85059 -2.25681
2.85156 -2.25421
2.85254 -2.24969
2.85352 -2.24326
2.85449 -2.23496
2.85547 -2.22481
2.85645 -2.21284
2.85742 -2.19908
2.8584 -2.18357
2.85938 -2.16635
2.86035 -2.14745
2.86133 -2.12691
2.8623 -2.10478
2.86328 -2.0811
2.86426 -2.05591
2.86523 -2.02927
2.86621 -2.00122
2.86719 -1.97181
2.86816 -1.94109
2.86914 -1.90913
2.87012 -1.87597
2.87109 -1.84167
2.87207 -1.80628
2.87305 -1.76987
2.87402 -1.7325
2.875 -1.69422
2.87598 -1.65509
2.87695 -1.61519
2.87793 -1.57456
2.87891 -1.53327
2.87988 -1.4914
2.88086 -1.44899
2.88184 -1.40611
2.88281 -1.36284
2.88379 -1.31922
2.88477 -1.27533
2.88574 -1.23124
2.88672 -1.18699
2.8877 -1.14267
2.88867 -1.09832
2.88965 -1.05402
2.89062 -1.00983
2.8916 -0.965808
2.89258 -0.922014
2.89355 -0.878509
2.89453 -0.835353
2.89551 -0.792605
2.89648 -0.750321
2.89746 -0.708559
2.89844 -0.667372
2.89941 -0.626815
2.90039 -0.586941
2.90137 -0.5478
2.90234 -0.509441
2.90332 -0.471914
2.9043 -0.435264
2.90527 -0.399536
2.90625 -0.364773
2.90723 -0.331017
2.9082 -0.298306
2.90918 -0.266679
2.91016 -0.236171
2.91113 -0.206816
2.91211 -0.178645
2.91309 -0.151688
2.91406 -0.125973
2.91504 -0.101526
2.91602 -0.0783684
2.91699 -0.0565228
2.91797 -0.0360079
2.91895 -0.0168405
2.91992 0.000964934
2.9209 0.0173959
2.92188 0.0324424
2.92285 0.0460965
2.92383 0.0583525
2.9248 0.0692071
2.92578 0.078659
2.92676 0.0867092
2.92773 0.093361
2.92871 0.0986199
2.92969 0.102493
2.93066 0.104991
2.93164 0.106126
2.93262 0.10591
2.93359 0.104361
2.93457 0.101496
2.93555 0.0973358
2.93652 0.091902
2.9375 0.0852187
2.93848 0.0773116
2.93945 0.0682084
2.94043 0.0579385
2.94141 0.046533
2.94238 0.0340246
2.94336 0.0204477
2.94434 0.0058381
2.94531 -0.00976676
2.94629 -0.0263282
2.94727 -0.043806
2.94824 -0.0621589
2.94922 -0.0813444
2.9502 -0.101319
2.95117 -0.122037
2.95215 -0.143454
2.95312 -0.165523
2.9541 -0.188196
2.95508 -0.211425
2.95605 -0.235161
2.95703 -0.259356
2.95801 -0.283959
2.95898 -0.30892
2.95996 -0.334187
2.96094 -0.359712
2.96191 -0.385441
2.96289 -0.411325
2.96387 -0.437312
2.96484 -0.46335
2.96582 -0.489391
2.9668 -0.515381
2.96777 -0.541273
2.96875 -0.567014
2.96973 -0.592557
2.9707 -0.617853
2.97168 -0.642853
2.97266 -0.66751
2.97363 -0.691777
2.97461 -0.71561
2.97559 -0.738962
2.97656 -0.761792
2.97754 -0.784055
2.97852 -0.805711
2.97949 -0.826719
2.98047 -0.847041
2.98145 -0.866639
2.98242 -0.885478
2.9834 -0.903522
2.98438 -0.920738
2.98535 -0.937096
2.98633 -0.952565
2.9873 -0.967117
2.98828 -0.980726
2.98926 -0.993368
2.99023 -1.00502
2.99121 -1.01566
2.99219 -1.02527
2.99316 -1.03383
2.99414 -1.04133
2.99512 -1.04775
2.99609 -1.05309
2.99707 -1.05733
2.99805 -1.06046
2.99902 -1.06249
3 -1.06341
3.00098 -1.06321
3.00195 -1.0619
3.00293 -1.05948
3.00391 -1.05595
3.00488 -1.05133
3.00586 -1.04563
3.00684 -1.03884
3.00781 -1.03099
3.00879 -1.0221
3.00977 -1.01217
3.01074 -1.00122
3.01172 -0.98929
3.0127 -0.976386
3.01367 -0.962537
3.01465 -0.947769
3.01562 -0.932111
3.0166 -0.915591
3.01758 -0.898241
3.01855 -0.880094
3.01953 -0.861184
3.02051 -0.841547
3.02148 -0.82122
3.02246 -0.800243
3.02344 -0.778655
3.02441 -0.756497
3.02539 -0.733811
3.02637 -0.710642
3.02734 -0.687033
3.02832 -0.663031
3.0293 -0.638681
3.03027 -0.61403
3.03125 -0.589127
3.03223 -0.56402
3.0332 -0.538758
3.03418 -0.513391
3.03516 -0.487969
3.03613 -0.462542
3.03711 -0.437161
3.03809 -0.411877
3.03906 -0.386741
3.04004 -0.361803
3.04102 -0.337115
3.04199 -0.312727
3.04297 -0.288689
3.04395 -0.265052
3.04492 -0.241866
3.0459 -0.219179
3.04688 -0.19704
3.04785 -0.175497
3.04883 -0.154597
3.0498 -0.134388
3.05078 -0.114913
3.05176 -0.0962186
3.05273 -0.0783472
3.05371 -0.0613414
3.05469 -0.0452424
3.05566 -0.0300901
3.05664 -0.0159231
3.05762 -0.00277847
3.05859 0.00930803
3.05957 0.0203023
3.06055 0.0301717
3.06152 0.0388853
3.0625 0.046414
3.06348 0.0527302
3.06445 0.0578085
3.06543 0.0616249
3.06641 0.0641577
3.06738 0.0653868
3.06836 0.0652945
3.06934 0.0638648
3.07031 0.0610838
3.07129 0.0569399
3.07227 0.0514234
3.07324 0.0445269
3.07422 0.036245
3.0752 0.0265747
3.07617 0.015515
3.07715 0.00306723
3.07812 -0.010765
3.0791 -0.0259761
3.08008 -0.0425579
3.08105 -0.0605003
3.08203 -0.0797908
3.08301 -0.100415
3.08398 -0.122355
3.08496 -0.145593
3.08594 -0.170108
3.08691 -0.195875
3.08789 -0.22287
3.08887 -0.251065
3.08984 -0.280429
3.09082 -0.310932
3.0918 -0.34254
3.09277 -0.375217
3.09375 -0.408926
3.09473 -0.443626
3.0957 -0.479278
3.09668 -0.515837
3.09766 -0.553259
3.09863 -0.591499
3.09961 -0.630506
3.10059 -0.670233
3.10156 -0.710629
3.10254 -0.75164
3.10352 -0.793214
3.10449 -0.835295
3.10547 -0.877827
3.10645 -0.920754
3.10742 -0.964016
3.1084 -1.00755
3.10938 -1.05131
3.11035 -1.09522
3.11133 -1.13923
3.1123 -1.18326
3.11328 -1.22727
3.11426 -1.27118
3.11523 -1.31494
3.11621 -1.35847
3.11719 -1.40172
3.11816 -1.44462
3.11914 -1.48711
3.12012 -1.52912
3.12109 -1.5706
3.12207 -1.61146
3.12305 -1.65166
3.12402 -1.69113
3.125 -1.72981
3.12598 -1.76764
3.12695 -1.80455
3.12793 -1.84049
3.12891 -1.8754
3.12988 -1.90922
3.13086 -1.94189
3.13184 -1.97335
3.13281 -2.00356
3.13379 -2.03246
3.13477 -2.06
3.13574 -2.08612
3.13672 -2.11078
3.1377 -2.13394
3.13867 -2.15554
3.13965 -2.17554
3.14062 -2.1939
3.1416 -2.21058
3.14258 -2.22554
3.14355 -2.23875
3.14453 -2.25018
3.14551 -2.25978
3.14648 -2.26754
3.14746 -2.27341
3.14844 -2.27739
3.14941 -2.27944
3.15039 -2.27955
3.15137 -2.27769
3.15234 -2.27385
3.15332 -2.26802
3.1543 -2.26019
3.15527 -2.25035
3.15625 -2.23849
3.15723 -2.22461
3.1582 -2.2087
3.15918 -2.19078
3.16016 -2.17084
3.16113 -2.14889
3.16211 -2.12495
3.16309 -2.09901
3.16406 -2.0711
3.16504 -2.04124
3.16602 -2.00944
3.16699 -1.97572
3.16797 -1.94011
3.16895 -1.90264
3.16992 -1.86333
3.1709 -1.82222
3.17188 -1.77934
3.17285 -1.73472
3.17383 -1.68841
3.1748 -1.64045
3.17578 -1.59087
3.17676 -1.53973
3.17773 -1.48706
3.17871 -1.43292
3.17969 -1.37736
3.18066 -1.32043
3.18164 -1.26218
3.18262 -1.20268
3.18359 -1.14198
3.18457 -1.08013
3.18555 -1.0172
3.18652 -0.953251
3.1875 -0.888346
3.18848 -0.822549
3.18945 -0.755927
3.19043 -0.688546
3.19141 -0.620474
3.19238 -0.55178
3.19336 -0.482533
3.19434 -0.412803
3.19531 -0.342663
3.19629 -0.272183
3.19727 -0.201434
3.19824 -0.13049
3.19922 -0.0594236
3.2002 0.0116935
3.20117 0.0827881
3.20215 0.153788
3.20312 0.224619
3.2041 0.29521
3.20508 0.365489
3.20605 0.435383
3.20703 0.504822
3.20801 0.573735
3.20898 0.642053
3.20996 0.709705
3.21094 0.776623
3.21191 0.842741
3.21289 0.907992
3.21387 0.97231
3.21484 1.03563
3.21582 1.0979
3.2168 1.15904
3.21777 1.219
3.21875 1.27773
3.21973 1.33516
3.2207 1.39124
3.22168 1.44591
3.22266 1.49913
3.22363 1.55085
3.22461 1.60102
3.22559 1.64958
3.22656 1.69651
3.22754 1.74175
3.22852 1.78527
3.22949 1.82704
3.23047 1.86701
3.23145 1.90515
3.23242 1.94143
3.2334 1.97584
3.23438 2.00833
3.23535 2.03889
3.23633 2.06749
3.2373 2.09413
3.23828 2.11878
3.23926 2.14143
3.24023 2.16207
3.24121 2.18069
3.24219 2.19729
3.24316 2.21186
3.24414 2.22441
3.24512 2.23493
3.24609 2.24343
3.24707 2.24993
3.24805 2.25441
3.24902 2.25691
3.25 2.25744
3.25098 2.25601
3.25195 2.25263
3.25293 2.24735
3.25391 2.24017
3.25488 2.23112
3.25586 2.22024
3.25684 2.20755
3.25781 2.19309
3.25879 2.17689
3.25977 2.15899
3.26074 2.13943
3.26172 2.11825
3.2627 2.09549
3.26367 2.0712
3.26465 2.04543
3.26562 2.01821
3.2666 1.98961
3.26758 1.95967
3.26855 1.92845
3.26953 1.896
3.27051 1.86238
3.27148 1.82764
3.27246 1.79184
3.27344 1.75503
3.27441 1.71729
3.27539 1.67866
3.27637 1.63922
3.27734 1.59902
3.27832 1.55812
3.2793 1.51659
3.28027 1.47449
3.28125 1.43189
3.28223 1.38885
3.2832 1.34543
3.28418 1.3017
3.28516 1.25772
3.28613 1.21355
3.28711 1.16927
3.28809 1.12493
3.28906 1.0806
3.29004 1.03633
3.29102 0.992199
3.29199 0.94826
3.29297 0.904574
3.29395 0.861202
3.29492 0.818202
3.2959 0.775633
3.29688 0.733551
3.29785 0.692012
3.29883 0.651071
3.2998 0.610781
3.30078 0.571194
3.30176 0.53236
3.30273 0.494328
3.30371 0.457146
3.30469 0.42086
3.30566 0.385513
3.30664 0.351147
3.30762 0.317805
3.30859 0.285523
3.30957 0.254339
3.31055 0.224289
3.31152 0.195403
3.3125 0.167715
3.31348 0.141252
3.31445 0.116041
3.31543 0.0921066
3.31641 0.0694716
3.31738 0.0481562
3.31836 0.0281784
3.31934 0.00955412
3.32031 -0.00770288
3.32129 -0.0235812
3.32227 -0.0380715
3.32324 -0.0511669
3.32422 -0.0628626
3.3252 -0.0731561
3.32617 -0.0820471
3.32715 -0.0895375
3.32812 -0.0956314
3.3291 -0.100335
3.33008 -0.103657
3.33105 -0.105608
3.33203 -0.1062
3.33301 -0.105449
3.33398 -0.103372
3.33496 -0.0999862
3.33594 -0.0953138
3.33691 -0.0893772
3.33789 -0.0822012
3.33887 -0.0738123
3.33984 -0.0642388
3.34082 -0.0535108
3.3418 -0.0416601
3.34277 -0.0287201
3.34375 -0.0147257
3.34473 0.000286548
3.3457 0.0162788
3.34668 0.0332116
3.34766 0.0510445
3.34863 0.0697356
3.34961 0.0892419
3.35059 0.109519
3.35156 0.130523
3.35254 0.152206
3.35352 0.174522
3.35449 0.197423
3.35547 0.220861
3.35645 0.244787
3.35742 0.269151
3.3584 0.293903
3.35938 0.318993
3.36035 0.344369
3.36133 0.369982
3.3623 0.395779
3.36328 0.42171
3.36426 0.447724
3.36523 0.473769
3.36621 0.499796
3.36719 0.525753
3.36816 0.55159
3.36914 0.577258
3.37012 0.602708
3.37109 0.627891
3.37207 0.652759
3.37305 0.677266
3.37402 0.701365
3.375 0.725011
3.37598 0.748159
3.37695 0.770767
3.37793 0.792792
3.37891 0.814194
3.37988 0.834932
3.38086 0.854969
3.38184 0.874268
3.38281 0.892792
3.38379 0.910509
3.38477 0.927386
3.38574 0.943392
3.38672 0.958497
3.3877 0.972676
3.38867 0.985901
3.38965 0.998149
3.39062 1.0094
3.3916 1.01963
3.39258 1.02882
3.39355 1.03696
3.39453 1.04403
3.39551 1.05002
3.39648 1.05492
3.39746 1.05871
3.39844 1.06141
3.39941 1.06299
3.40039 1.06346
3.40137 1.06282
3.40234 1.06106
3.40332 1.0582
3.4043 1.05424
3.40527 1.04918
3.40625 1.04304
3.40723 1.03583
3.4082 1.02756
3.40918 1.01825
3.41016 1.00791
3.41113 0.996568
3.41211 0.984243
3.41309 0.970958
3.41406 0.956739
3.41504 0.941611
3.41602 0.925604
3.41699 0.908748
3.41797 0.891076
3.41895 0.872619
3.41992 0.853414
3.4209 0.833497
3.42188 0.812905
3.42285 0.791679
3.42383 0.769858
3.4248 0.747484
3.42578 0.724599
3.42676 0.701249
3.42773 0.677477
3.42871 0.65333
3.42969 0.628854
3.43066 0.604096
3.43164 0.579106
3.43262 0.553931
3.43359 0.528621
3.43457 0.503226
3.43555 0.477796
3.43652 0.452381
3.4375 0.427033
3.43848 0.401802
3.43945 0.376739
3.44043 0.351895
3.44141 0.327321
3.44238 0.303067
3.44336 0.279184
3.44434 0.255721
3.44531 0.232728
3.44629 0.210255
3.44727 0.188348
3.44824 0.167057
3.44922 0.146428
3.4502 0.126507
3.45117 0.107339
3.45215 0.0889688
3.45312 0.0714387
3.4541 0.0547907
3.45508 0.0390657
3.45605 0.024303
3.45703 0.0105405
3.45801 -0.00218505
3.45898 -0.0138387
3.45996 -0.0243868
3.46094 -0.0337975
3.46191 -0.0420405
3.46289 -0.0490874
3.46387 -0.0549115
3.46484 -0.0594877
3.46582 -0.0627932
3.4668 -0.0648068
3.46777 -0.0655094
3.46875 -0.0648839
3.46973 -0.0629153
3.4707 -0.0595904
3.47168 -0.0548985
3.47266 -0.0488308
3.47363 -0.0413806
3.47461 -0.0325436
3.47559 -0.0223175
3.47656 -0.0107023
3.47754 0.00229981
3.47852 0.0166844
3.47949 0.0324449
3.48047 0.0495723
3.48145 0.0680555
3.48242 0.0878813
3.4834 0.109034
3.48438 0.131496
3.48535 0.155247
3.48633 0.180266
3.4873 0.206527
3.48828 0.234005
3.48926 0.262672
3.49023 0.292496
3.49121 0.323445
3.49219 0.355485
3.49316 0.388579
3.49414 0.422689
3.49512 0.457775
3.49609 0.493795
3.49707 0.530705
3.49805 0.56846
3.49902 0.607012
3.5 0.646314
3.50098 0.686314
3.50195 0.726963
3.50293 0.768205
3.50391 0.809989
3.50488 0.852257
3.50586 0.894954
3.50684 0.938022
3.50781 0.981402
3.50879 1.02503
3.50977 1.06886
3.51074 1.11282
3.51172 1.15684
3.5127 1.20087
3.51367 1.24485
3.51465 1.28871
3.51562 1.33238
3.5166 1.37581
3.51758 1.41893
3.51855 1.46167
3.51953 1.50398
3.52051 1.54578
3.52148 1.58702
3.52246 1.62763
3.52344 1.66754
3.52441 1.70671
3.52539 1.74505
3.52637 1.78252
3.52734 1.81905
3.52832 1.85458
3.5293 1.88906
3.53027 1.92243
3.53125 1.95462
3.53223 1.98559
3.5332 2.01528
3.53418 2.04364
3.53516 2.07062
3.53613 2.09616
3.53711 2.12023
3.53809 2.14277
3.53906 2.16373
3.54004 2.18308
3.54102 2.20077
3.54199 2.21677
3.54297 2.23104
3.54395 2.24354
3.54492 2.25424
3.5459 2.26311
3.54688 2.27011
3.54785 2.27523
3.54883 2.27844
3.5498 2.27972
3.55078 2.27904
3.55176 2.27639
3.55273 2.27176
3.55371 2.26513
3.55469 2.2565
3.55566 2.24585
3.55664 2.23318
3.55762 2.21849
3.55859 2.20178
3.55957 2.18305
3.56055 2.1623
3.56152 2.13955
3.5625 2.11481
3.56348 2.08808
3.56445 2.05939
3.56543 2.02875
3.56641 1.99618
3.56738 1.9617
3.56836 1.92534
3.56934 1.88713
3.57031 1.8471
3.57129 1.80528
3.57227 1.7617
3.57324 1.7164
3.57422 1.66942
3.5752 1.62081
3.57617 1.5706
3.57715 1.51884
3.57812 1.46558
3.5791 1.41086
3.58008 1.35475
3.58105 1.29729
3.58203 1.23853
3.58301 1.17854
3.58398 1.11737
3.58496 1.05508
3.58594 0.991739
3.58691 0.9274
3.58789 0.86213
3.58887 0.795996
3.58984 0.729062
3.59082 0.661396
3.5918 0.593067
3.59277 0.524143
3.59375 0.454695
3.59473 0.384793
3.5957 0.314508
3.59668 0.243911
3.59766 0.173076
3.59863 0.102074
3.59961 0.0309787
3.60059 -0.0401381
3.60156 -0.111203
3.60254 -0.182144
3.60352 -0.252888
3.60449 -0.323363
3.60547 -0.393497
3.60645 -0.463218
3.60742 -0.532455
3.6084 -0.601138
3.60938 -0.669197
3.61035 -0.736564
3.61133 -0.80317
3.6123 -0.868949
3.61328 -0.933835
3.61426 -0.997762
3.61523 -1.06067
3.61621 -1.12249
3.61719 -1.18317
3.61816 -1.24264
3.61914 -1.30086
3.62012 -1.35775
3.62109 -1.41328
3.62207 -1.46738
3.62305 -1.52
3.62402 -1.57111
3.625 -1.62064
3.62598 -1.66855
3.62695 -1.71481
3.62793 -1.75937
3.62891 -1.80219
3.62988 -1.84324
3.63086 -1.88248
3.63184 -1.91989
3.63281 -1.95542
3.63379 -1.98906
3.63477 -2.02078
3.63574 -2.05056
3.63672 -2.07838
3.6377 -2.10423
3.63867 -2.12808
3.63965 -2.14993
3.64062 -2.16976
3.6416 -2.18757
3.64258 -2.20336
3.64355 -2.21712
3.64453 -2.22886
3.64551 -2.23857
3.64648 -2.24627
3.64746 -2.25196
3.64844 -2.25565
3.64941 -2.25736
3.65039 -2.2571
3.65137 -2.25489
3.65234 -2.25075
3.65332 -2.2447
3.6543 -2.23677
3.65527 -2.22699
3.65625 -2.21538
3.65723 -2.20198
3.6582 -2.18681
3.65918 -2.16993
3.66016 -2.15136
3.66113 -2.13115
3.66211 -2.10933
3.66309 -2.08596
3.66406 -2.06107
3.66504 -2.03471
3.66602 -2.00694
3.66699 -1.97779
3.66797 -1.94734
3.66895 -1.91562
3.66992 -1.88269
3.6709 -1.84861
3.67188 -1.81344
3.67285 -1.77723
3.67383 -1.74005
3.6748 -1.70194
3.67578 -1.66298
3.67676 -1.62323
3.67773 -1.58274
3.67871 -1.54158
3.67969 -1.49982
3.68066 -1.45751
3.68164 -1.41472
3.68262 -1.37152
3.68359 -1.32797
3.68457 -1.28413
3.68555 -1.24007
3.68652 -1.19585
3.6875 -1.15154
3.68848 -1.10719
3.68945 -1.06288
3.69043 -1.01866
3.69141 -0.974597
3.69238 -0.930751
3.69336 -0.887184
3.69434 -0.843954
3.69531 -0.801119
3.69629 -0.758738
3.69727 -0.716867
3.69824 -0.675561
3.69922 -0.634874
3.7002 -0.594859
3.70117 -0.555567
3.70215 -0.517048
3.70312 -0.479351
3.7041 -0.442522
3.70508 -0.406606
3.70605 -0.371646
3.70703 -0.337685
3.70801 -0.304763
3.70898 -0.272916
3.70996 -0.242181
3.71094 -0.212593
3.71191 -0.184183
3.71289 -0.156981
3.71387 -0.131016
3.71484 -0.106313
3.71582 -0.0828955
3.7168 -0.0607861
3.71777 -0.0400036
3.71875 -0.0205654
3.71973 -0.00248656
3.7207 0.0142202
3.72168 0.0295443
3.72266 0.0434774
3.72363 0.0560134
3.72461 0.0671484
3.72559 0.0768808
3.72656 0.0852111
3.72754 0.0921423
3.72852 0.0976792
3.72949 0.101829
3.73047 0.104601
3.73145 0.106007
3.73242 0.10606
3.7334 0.104777
3.73438 0.102173
3.73535 0.0982705
3.73633 0.0930895
3.7373 0.0866541
3.73828 0.0789896
3.73926 0.0701234
3.74023 0.0600844
3.74121 0.0489034
3.74219 0.0366129
3.74316 0.0232468
3.74414 0.00884086
3.74512 -0.00656801
3.74609 -0.0229413
3.74707 -0.0402391
3.74805 -0.0584204
3.74902 -0.0774428
3.75 -0.0972629
3.75098 -0.117836
3.75195 -0.139117
3.75293 -0.161059
3.75391 -0.183615
3.75488 -0.206737
3.75586 -0.230376
3.75684 -0.254483
3.75781 -0.279008
3.75879 -0.303901
3.75977 -0.329112
3.76074 -0.354589
3.76172 -0.380281
3.7627 -0.406138
3.76367 -0.432108
3.76465 -0.458141
3.76562 -0.484185
3.7666 -0.51019
3.76758 -0.536105
3.76855 -0.56188
3.76953 -0.587467
3.77051 -0.612816
3.77148 -0.637879
3.77246 -0.662608
3.77344 -0.686957
3.77441 -0.71088
3.77539 -0.734332
3.77637 -0.75727
3.77734 -0.779649
3.77832 -0.80143
3.7793 -0.822571
3.78027 -0.843033
3.78125 -0.862779
3.78223 -0.881772
3.7832 -0.899978
3.78418 -0.917363
3.78516 -0.933894
3.78613 -0.949544
3.78711 -0.964281
3.78809 -0.978081
3.78906 -0.990918
3.79004 -1.00277
3.79102 -1.01361
3.79199 -1.02343
3.79297 -1.0322
3.79395 -1.03991
3.79492 -1.04655
3.7959 -1.05211
3.79688 -1.05657
3.79785 -1.05992
3.79883 -1.06217
3.7998 -1.06331
3.80078 -1.06334
3.80176 -1.06225
3.80273 -1.06005
3.80371 -1.05675
3.80469 -1.05235
3.80566 -1.04685
3.80664 -1.04028
3.80762 -1.03265
3.80859 -1.02396
3.80957 -1.01423
3.81055 -1.00349
3.81152 -0.991755
3.8125 -0.979043
3.81348 -0.965381
3.81445 -0.950795
3.81543 -0.935312
3.81641 -0.918962
3.81738 -0.901775
3.81836 -0.883785
3.81934 -0.865025
3.82031 -0.845531
3.82129 -0.825339
3.82227 -0.804489
3.82324 -0.783019
3.82422 -0.760972
3.8252 -0.738389
3.82617 -0.715313
3.82715 -0.691788
3.82812 -0.667861
3.8291 -0.643576
3.83008 -0.618982
3.83105 -0.594125
3.83203 -0.569055
3.83301 -0.54382
3.83398 -0.51847
3.83496 -0.493055
3.83594 -0.467625
3.83691 -0.442231
3.83789 -0.416924
3.83887 -0.391754
3.83984 -0.366772
3.84082 -0.34203
3.8418 -0.317578
3.84277 -0.293466
3.84375 -0.269745
3.84473 -0.246465
3.8457 -0.223674
3.84668 -0.201421
3.84766 -0.179756
3.84863 -0.158724
3.84961 -0.138372
3.85059 -0.118747
3.85156 -0.0998931
3.85254 -0.0818536
3.85352 -0.0646713
3.85449 -0.0483877
3.85547 -0.033043
3.85645 -0.0186759
3.85742 -0.00532387
3.8584 0.00697704
3.85938 0.0181924
3.86035 0.0282893
3.86133 0.0372364
3.8623 0.0450044
3.86328 0.0515652
3.86426 0.056893
3.86523 0.0609636
3.86621 0.0637548
3.86719 0.0652462
3.86816 0.0654195
3.86914 0.0642584
3.87012 0.0617487
3.87109 0.0578782
3.87207 0.0526369
3.87305 0.0460169
3.87402 0.0380124
3.875 0.0286199
3.87598 0.017838
3.87695 0.00566769
3.87793 -0.00788807
3.87891 -0.0228239
3.87988 -0.0391324
3.88086 -0.0568036
3.88184 -0.0758255
3.88281 -0.0961841
3.88379 -0.117863
3.88477 -0.140843
3.88574 -0.165104
3.88672 -0.190623
3.8877 -0.217374
3.88867 -0.245331
3.88965 -0.274464
3.89062 -0.304742
3.8916 -0.336132
3.89258 -0.368598
3.89355 -0.402103
3.89453 -0.436609
3.89551 -0.472074
3.89648 -0.508455
3.89746 -0.545708
3.89844 -0.583788
3.89941 -0.622646
3.90039 -0.662233
3.90137 -0.702499
3.90234 -0.743391
3.90332 -0.784857
3.9043 -0.826841
3.90527 -0.869288
3.90625 -0.91214
3.90723 -0.955339
3.9082 -0.998828
3.90918 -1.04254
3.91016 -1.08643
3.91113 -1.13042
3.91211 -1.17446
3.91309 -1.21847
3.91406 -1.26241
3.91504 -1.3062
3.91602 -1.34979
3.91699 -1.3931
3.91797 -1.43608
3.91895 -1.47865
3.91992 -1.52076
3.9209 -1.56235
3.92188 -1.60334
3.92285 -1.64368
3.92383 -1.6833
3.9248 -1.72214
3.92578 -1.76015
3.92676 -1.79725
3.92773 -1.83339
3.92871 -1.86851
3.92969 -1.90254
3.93066 -1.93545
3.93164 -1.96716
3.93262 -1.99763
3.93359 -2.02679
3.93457 -2.0546
3.93555 -2.08101
3.93652 -2.10597
3.9375 -2.12943
3.93848 -2.15134
3.93945 -2.17167
3.94043 -2.19036
3.94141 -2.20738
3.94238 -2.22269
3.94336 -2.23625
3.94434 -2.24804
3.94531 -2.25801
3.94629 -2.26613
3.94727 -2.27239
3.94824 -2.27675
3.94922 -2.27918
3.9502 -2.27968
3.95117 -2.27822
3.95215 -2.27478
3.95312 -2.26935
3.9541 -2.26192
3.95508 -2.25248
3.95605 -2.24102
3.95703 -2.22754
3.95801 -2.21205
3.95898 -2.19453
3.95996 -2.17499
3.96094 -2.15344
3.96191 -2.1299
3.96289 -2.10436
3.96387 -2.07684
3.96484 -2.04737
3.96582 -2.01595
3.9668 -1.98261
3.96777 -1.94738
3.96875 -1.91028
3.96973 -1.87134
3.9707 -1.83059
3.97168 -1.78806
3.97266 -1.74378
3.97363 -1.69781
3.97461 -1.65017
3.97559 -1.60091
3.97656 -1.55008
3.97754 -1.49771
3.97852 -1.44386
3.97949 -1.38858
3.98047 -1.33192
3.98145 -1.27394
3.98242 -1.21468
3.9834 -1.15421
3.98438 -1.09259
3.98535 -1.02987
3.98633 -0.966119
3.9873 -0.9014
3.98828 -0.835777
3.98926 -0.769314
3.99023 -0.70208
3.99121 -0.63414
3.99219 -0.565565
3.99316 -0.496423
3.99414 -0.426784
3.99512 -0.35672
3.99609 -0.286302
3.99707 -0.215602
3.99805 -0.144691
3.99902 -0.0736434
