1 -67.867 -0.102073 5.37324e-05 1.21415e-05 2.84013e-07 -1.7989e-10 -9.8644e-10 -1.20036e-08 -9.74186e-08 -9.08951e-07 -4.73844e-08 -1.32363e-05 -0.000382353 -0.000662809 -0.0273316 0.184166 -0.540579 -13.1297 80.8636 
1 -10.1926 -0.063536 0.0356308 0.0111322 0.00362586 0.00117825 0.000382927 0.000124474 4.0563e-05 1.39033e-05 9.35043e-06 1.58473e-05 -0.000300538 -0.000803132 -0.0372365 -0.365857 -4.21245 -53.3315 -523.503 
1 -10.4696 0.19182 0.273121 0.178459 0.116016 0.0754082 0.0490142 0.0318585 0.0207075 0.0134594 0.00874822 0.00568067 0.00370846 0.00263767 -0.00720939 -0.00339555 -0.186028 -5.7081 -25.8409 
1 -10.4725 0.702819 0.926301 0.903555 0.880992 0.858947 0.837453 0.816498 0.796067 0.776147 0.756725 0.737785 0.71925 0.701186 0.674767 0.640561 0.510581 -6.03983 -25.8139 
1 10.1652 1.45024 2.19688 2.85582 3.71249 4.82613 6.27382 8.15577 10.6023 13.7826 17.917 23.2915 30.2782 39.3613 51.1627 66.5448 86.4874 108.493 145.746 
1 -7.44633 2.40529 4.29056 6.97223 11.3296 18.4102 29.9159 48.6122 78.9929 128.36 208.581 338.936 550.758 894.961 1454.27 2363.16 3839.9 6236.46 10117.2 
1 -25.3933 3.52123 7.41409 14.4576 28.1917 54.9726 107.194 209.023 407.586 794.774 1549.77 3021.99 5892.74 11490.6 22406.1 43690.8 85194.6 166121 323908 
1 -3.79654 4.94062 11.7731 26.7846 60.9335 138.62 315.354 717.413 1632.08 3712.89 8446.62 19215.6 43714.5 99448.1 226239 514682 1.17087e+06 2.66367e+06 6.05966e+06 
1 -17.9191 6.53906 17.5744 45.6933 118.8 308.872 803.049 2087.88 5428.35 14113.4 36693.9 95402 248039 644887 1.67667e+06 4.35923e+06 1.13337e+07 2.9467e+07 7.66124e+07 
1 -11.5635 8.33856 25.0235 73.1918 214.081 626.172 1831.51 5357.04 15669 45830.7 134052 392092 1.14684e+06 3.35443e+06 9.81148e+06 2.86979e+07 8.39394e+07 2.45517e+08 7.1812e+08 
1 7.67046 10.2985 34.3256 111.556 362.548 1178.25 3829.23 12444.7 40444.4 131441 427174 1.38828e+06 4.51181e+06 1.4663e+07 4.76537e+07 1.54871e+08 5.03319e+08 1.63575e+09 5.31605e+09 
1 -17.3615 12.5425 45.6871 163.329 583.887 2087.35 7462.09 26676.4 95365.7 340924 1.21878e+06 4.35702e+06 1.5576e+07 5.56828e+07 1.99061e+08 7.11628e+08 2.54401e+09 9.09462e+09 3.25125e+10 
1 -12.3982 15.0827 59.315 231.322 902.136 3518.25 13720.8 53510 208684 813849 3.17394e+06 1.23781e+07 4.82733e+07 1.88261e+08 7.34202e+08 2.86332e+09 1.11667e+10 4.35491e+10 1.69837e+11 
1 -4.43208 17.6852 75.4129 318.615 1346.12 5687.21 24027.9 101515 428892 1.81203e+06 7.65564e+06 3.23443e+07 1.36651e+08 5.77339e+08 2.4392e+09 1.03054e+10 4.35392e+10 1.83949e+11 7.77165e+11 
1 23.9406 20.4225 94.1892 428.553 1949.87 8871.7 40365.3 183658 835623 3.802e+06 1.72987e+07 7.87071e+07 3.58109e+08 1.62936e+09 7.4134e+09 3.37302e+10 1.53469e+11 6.98266e+11 3.17704e+12 
1 -31.2048 23.5393 115.849 564.752 2753.1 13421 65426.1 318944 1.55482e+06 7.57956e+06 3.69495e+07 1.80124e+08 8.78086e+08 4.28057e+09 2.08673e+10 1.01726e+11 4.95901e+11 2.41746e+12 1.17848e+13 
1 -35.9935 26.8301 140.598 731.093 3801.59 19767.8 102790 534497 2.77932e+06 1.44521e+07 7.51492e+07 3.90767e+08 2.03194e+09 1.05658e+10 5.4941e+10 2.85687e+11 1.48554e+12 7.7246e+12 4.0167e+13 
1 -13.9749 30.2988 168.642 931.726 5147.66 28440.2 157128 868113 4.79621e+06 2.64985e+07 1.464e+08 8.08844e+08 4.46876e+09 2.46893e+10 1.36405e+11 7.53621e+11 4.16366e+12 2.30037e+13 1.27092e+14 
1 2.71847 34.0232 200.187 1171.07 6850.59 40075 234433 1.3714e+06 8.02252e+06 4.69306e+07 2.74538e+08 1.60601e+09 9.39492e+09 5.4959e+10 3.21503e+11 1.88075e+12 1.10021e+13 6.43608e+13 3.76502e+14 
1 1.54611 37.968 235.44 1453.81 8977.05 55432 342284 2.11356e+06 1.30509e+07 8.05874e+07 4.97616e+08 3.0727e+09 1.89735e+10 1.17159e+11 7.23437e+11 4.46712e+12 2.75838e+13 1.70326e+14 1.05174e+15 
1 -15.0045 42.1296 274.605 1784.89 11601.5 75408.2 490142 3.18585e+06 2.07075e+07 1.34596e+08 8.74852e+08 5.6864e+09 3.69607e+10 2.40239e+11 1.56152e+12 1.01496e+13 6.5971e+13 4.28801e+14 2.78714e+15 
1 23.8869 46.4617 317.89 2169.55 14806.8 101054 689679 4.70695e+06 3.21242e+07 2.19242e+08 1.49629e+09 1.0212e+10 6.9695e+10 4.75657e+11 3.24628e+12 2.21554e+13 1.51207e+14 1.03196e+15 7.04297e+15 
1 -7.70888 51.1457 365.499 2613.26 18684.4 133590 955148 6.82915e+06 4.88273e+07 3.49107e+08 2.49605e+09 1.78464e+10 1.27598e+11 9.12308e+11 6.52285e+12 4.66373e+13 3.33449e+14 2.3841e+15 1.70459e+16 
1 -13.8043 56.0877 417.639 3121.79 23334.8 174424 1.30379e+06 9.74558e+06 7.28465e+07 5.44515e+08 4.07015e+09 3.04237e+10 2.27412e+11 1.69986e+12 1.27062e+13 9.49763e+13 7.09931e+14 5.30661e+15 3.9666e+16 
1 3.57998 61.5219 474.516 3701.16 28868.3 225168 1.75627e+06 1.36986e+07 1.06846e+08 8.33381e+08 6.50022e+09 5.07005e+10 3.95455e+11 3.08447e+12 2.40583e+13 1.87651e+14 1.46364e+15 1.14161e+16 8.90437e+16 
1 -7.11435 67.0476 536.341 4357.65 35405.1 287660 2.33718e+06 1.89891e+07 1.54283e+08 1.25352e+09 1.01846e+10 8.2748e+10 6.72312e+11 5.46241e+12 4.4381e+13 3.60587e+14 2.9297e+15 2.38033e+16 1.93397e+17 
1 -16.2384 73.0889 603.31 5097.84 43075.7 363981 3.07557e+06 2.59879e+07 2.19593e+08 1.85552e+09 1.56787e+10 1.32482e+11 1.11945e+12 9.45912e+12 7.99277e+13 6.75373e+14 5.70677e+15 4.8221e+16 4.07458e+17 
1 -36.8191 78.2697 675.639 5928.54 52021.7 456480 4.00551e+06 3.51476e+07 3.08413e+08 2.70626e+09 2.37468e+10 2.08374e+11 1.82844e+12 1.60441e+13 1.40784e+14 1.23535e+15 1.08399e+16 9.51183e+16 8.34643e+17 
1 -236.631 84.2835 753.525 6856.85 62395.9 567789 5.16676e+06 4.70164e+07 4.27839e+08 3.89324e+09 3.54277e+10 3.22384e+11 2.93363e+12 2.66954e+13 2.42922e+14 2.21054e+15 2.01154e+16 1.83046e+17 1.66568e+18 
1 540.298 86.928 837.164 7890.14 74362.8 700853 6.60538e+06 6.22543e+07 5.86733e+08 5.52982e+09 5.21174e+10 4.91195e+11 4.6294e+12 4.36311e+13 4.11213e+14 3.87559e+15 3.65266e+16 3.44255e+17 3.24453e+18 
