1 0 0 0 0 0 0 0 0 0 
1 0.324992 0.10562 0.0343257 0.0111556 0.00362548 0.00117825 0.000382923 0.000124447 4.04444e-05 
1 0.649985 0.42248 0.274606 0.178489 0.116015 0.0754082 0.0490142 0.0318585 0.0207075 
1 0.974977 0.95058 0.926794 0.903603 0.880992 0.858947 0.837453 0.816498 0.796067 
1 1.29997 1.68992 2.19684 2.85583 3.71249 4.82613 6.27382 8.15577 10.6023 
1 1.62496 2.6405 4.29071 6.97224 11.3296 18.4102 29.9159 48.6122 78.9929 
1 1.94995 3.80232 7.41435 14.4576 28.1917 54.9726 107.194 209.023 407.586 
1 2.27495 5.17538 11.7737 26.7846 60.9335 138.62 315.354 717.413 1632.08 
1 2.59994 6.75968 17.5748 45.6933 118.8 308.872 803.049 2087.88 5428.35 
1 2.92493 8.55522 25.0234 73.1918 214.081 626.172 1831.51 5357.04 15669 
1 3.24992 10.562 34.3257 111.556 362.548 1178.25 3829.23 12444.7 40444.4 
1 3.57492 12.78 45.6875 163.329 583.887 2087.35 7462.09 26676.4 95365.7 
1 3.89991 15.2093 59.3148 231.322 902.136 3518.25 13720.8 53510 208684 
1 4.2249 17.8498 75.4136 318.615 1346.12 5687.21 24027.9 101515 428892 
1 4.54989 20.7015 94.1897 428.553 1949.87 8871.7 40365.3 183658 835623 
1 4.87489 23.7645 115.849 564.752 2753.1 13421 65426.1 318944 1.55482e+06 
1 5.19988 27.0387 140.598 731.093 3801.59 19767.8 102790 534497 2.77932e+06 
1 5.52487 30.5242 168.642 931.726 5147.66 28440.2 157128 868113 4.79621e+06 
1 5.84986 34.2209 200.187 1171.07 6850.59 40075 234433 1.3714e+06 8.02252e+06 
1 6.17485 38.1288 235.44 1453.81 8977.05 55432 342284 2.11356e+06 1.30509e+07 
1 6.49985 42.248 274.606 1784.89 11601.5 75408.2 490142 3.18585e+06 2.07075e+07 
1 6.82484 46.5784 317.89 2169.55 14806.8 101054 689679 4.70695e+06 3.21242e+07 
1 7.14983 51.1201 365.5 2613.26 18684.4 133590 955148 6.82915e+06 4.88273e+07 
1 7.47482 55.873 417.641 3121.79 23334.8 174424 1.30379e+06 9.74558e+06 7.28465e+07 
1 7.79982 60.8371 474.518 3701.16 28868.3 225168 1.75627e+06 1.36986e+07 1.06846e+08 
1 8.12481 66.0125 536.339 4357.65 35405.1 287660 2.33718e+06 1.89891e+07 1.54283e+08 
1 8.4498 71.3991 603.308 5097.84 43075.7 363981 3.07557e+06 2.59879e+07 2.19593e+08 
1 8.77479 76.997 675.633 5928.54 52021.7 456480 4.00551e+06 3.51476e+07 3.08413e+08 
1 9.09979 82.8061 753.518 6856.85 62395.9 567789 5.16676e+06 4.70164e+07 4.27839e+08 
1 9.42478 88.8264 837.169 7890.14 74362.8 700853 6.60538e+06 6.22543e+07 5.86733e+08 
