-10 0.499987
-9.97998 1.49994
-9.95996 2.49984
-9.93994 3.49969
-9.91992 4.49949
-9.8999 5.49924
-9.87988 6.49894
-9.85986 7.49858
-9.83984 8.49818
-9.81982 9.49773
-9.7998 10.4972
-9.77978 11.4967
-9.75976 12.4961
-9.73974 13.4954
-9.71972 14.4947
-9.6997 15.494
-9.67968 16.4932
-9.65966 17.4923
-9.63964 18.4914
-9.61962 19.4905
-9.5996 20.4895
-9.57958 21.4884
-9.55956 22.4873
-9.53954 23.4862
-9.51952 24.4849
-9.4995 25.4837
-9.47948 26.4824
-9.45946 27.481
-9.43944 28.4796
-9.41942 29.4782
-9.3994 30.4767
-9.37938 31.4751
-9.35936 32.4735
-9.33934 33.4719
-9.31932 34.4702
-9.2993 35.4684
-9.27928 36.4666
-9.25926 37.4648
-9.23924 38.4629
-9.21922 39.4612
-9.1992 40.4596
-9.17918 41.4587
-9.15916 42.4592
-9.13914 43.4623
-9.11912 44.4705
-9.0991 45.4868
-9.07908 46.5154
-9.05906 47.5612
-9.03904 48.6285
-9.01902 49.7214
-8.999 50.8426
-8.97898 51.9939
-8.95896 53.1762
-8.93894 54.3895
-8.91892 55.6338
-8.8989 56.9086
-8.87888 58.2134
-8.85886 59.5478
-8.83884 60.9113
-8.81882 62.3033
-8.7988 63.7235
-8.77878 65.1714
-8.75876 66.6468
-8.73874 68.1493
-8.71872 69.6787
-8.6987 71.2347
-8.67868 72.8171
-8.65866 74.4257
-8.63864 76.0603
-8.61862 77.7208
-8.5986 79.4069
-8.57858 81.1187
-8.55856 82.8558
-8.53854 84.6183
-8.51852 86.406
-8.4985 88.2187
-8.47848 90.0565
-8.45846 91.9193
-8.43844 93.8068
-8.41842 95.7191
-8.3984 97.6562
-8.37838 99.6178
-8.35836 101.604
-8.33834 103.615
-8.31832 105.65
-8.2983 107.709
-8.27828 109.793
-8.25826 111.901
-8.23824 114.033
-8.21822 116.19
-8.1982 118.37
-8.17818 120.575
-8.15816 122.803
-8.13814 125.056
-8.11812 127.333
-8.0981 129.633
-8.07808 131.957
-8.05806 134.305
-8.03804 136.677
-8.01802 139.073
-7.998 141.492
-7.97798 143.935
-7.95796 146.402
-7.93794 148.892
-7.91792 151.405
-7.8979 153.943
-7.87788 156.503
-7.85786 159.087
-7.83784 161.695
-7.81782 164.326
-7.7978 166.98
-7.77778 169.658
-7.75776 172.358
-7.73774 175.082
-7.71772 177.83
-7.6977 180.6
-7.67768 183.394
-7.65766 186.21
-7.63764 189.05
-7.61762 191.913
-7.5976 194.798
-7.57758 197.707
-7.55756 200.639
-7.53754 203.593
-7.51752 206.571
-7.4975 209.571
-7.47748 212.594
-7.45746 215.64
-7.43744 218.708
-7.41742 221.8
-7.3974 224.913
-7.37738 228.05
-7.35736 231.209
-7.33734 234.391
-7.31732 237.595
-7.2973 240.822
-7.27728 244.071
-7.25726 247.342
-7.23724 250.636
-7.21722 253.953
-7.1972 257.291
-7.17718 260.652
-7.15716 264.035
-7.13714 267.441
-7.11712 270.868
-7.0971 274.318
-7.07708 277.79
-7.05706 281.283
-7.03704 284.799
-7.01702 288.337
-6.997 291.897
-6.97698 295.479
-6.95696 299.082
-6.93694 302.708
-6.91692 306.355
-6.8969 310.024
-6.87688 313.715
-6.85686 317.428
-6.83684 321.162
-6.81682 324.918
-6.7968 328.695
-6.77678 332.494
-6.75676 336.314
-6.73674 340.156
-6.71672 344.02
-6.6967 347.904
-6.67668 351.81
-6.65666 355.738
-6.63664 359.687
-6.61662 363.656
-6.5966 367.648
-6.57658 371.66
-6.55656 375.693
-6.53654 379.748
-6.51652 383.823
-6.4965 387.92
-6.47648 392.037
-6.45646 396.175
-6.43644 400.334
-6.41642 404.514
-6.3964 408.715
-6.37638 412.937
-6.35636 417.179
-6.33634 421.442
-6.31632 425.726
-6.2963 430.03
-6.27628 434.354
-6.25626 438.699
-6.23624 443.065
-6.21622 447.451
-6.1962 451.857
-6.17618 456.284
-6.15616 460.731
-6.13614 465.198
-6.11612 469.685
-6.0961 474.192
-6.07608 478.72
-6.05606 483.268
-6.03604 487.835
-6.01602 492.423
-5.996 497.03
-5.97598 501.657
-5.95596 506.304
-5.93594 510.971
-5.91592 515.658
-5.8959 520.364
-5.87588 525.09
-5.85586 529.836
-5.83584 534.601
-5.81582 539.385
-5.7958 544.189
-5.77578 549.012
-5.75576 553.855
-5.73574 558.717
-5.71572 563.598
-5.6957 568.499
-5.67568 573.418
-5.65566 578.357
-5.63564 583.315
-5.61562 588.292
-5.5956 593.287
-5.57558 598.302
-5.55556 603.336
-5.53554 608.388
-5.51552 613.459
-5.4955 618.549
-5.47548 623.657
-5.45546 628.784
-5.43544 633.93
-5.41542 639.094
-5.3954 644.277
-5.37538 649.478
-5.35536 654.697
-5.33534 659.935
-5.31532 665.19
-5.2953 670.465
-5.27528 675.757
-5.25526 681.067
-5.23524 686.395
-5.21522 691.742
-5.1952 697.106
-5.17518 702.488
-5.15516 707.888
-5.13514 713.306
-5.11512 718.742
-5.0951 724.195
-5.07508 729.666
-5.05506 735.154
-5.03504 740.66
-5.01502 746.183
-4.99499 751.724
-4.97497 757.282
-4.95495 762.857
-4.93493 768.45
-4.91491 774.059
-4.89489 779.686
-4.87487 785.33
-4.85485 790.991
-4.83483 796.669
-4.81481 802.364
-4.79479 808.076
-4.77477 813.804
-4.75475 819.549
-4.73473 825.311
-4.71471 831.089
-4.69469 836.884
-4.67467 842.696
-4.65465 848.524
-4.63463 854.368
-4.61461 860.229
-4.59459 866.106
-4.57457 871.999
-4.55455 877.908
-4.53453 883.834
-4.51451 889.775
-4.49449 895.733
-4.47447 901.706
-4.45445 907.695
-4.43443 913.7
-4.41441 919.721
-4.39439 925.758
-4.37437 931.81
-4.35435 937.877
-4.33433 943.961
-4.31431 950.059
-4.29429 956.173
-4.27427 962.303
-4.25425 968.447
-4.23423 974.607
-4.21421 980.782
-4.19419 986.972
-4.17417 993.177
-4.15415 999.397
-4.13413 1005.63
-4.11411 1011.88
-4.09409 1018.15
-4.07407 1024.43
-4.05405 1030.72
-4.03403 1037.03
-4.01401 1043.35
-3.99399 1049.69
-3.97397 1056.04
-3.95395 1062.41
-3.93393 1068.79
-3.91391 1075.18
-3.89389 1081.59
-3.87387 1088.01
-3.85385 1094.45
-3.83383 1100.9
-3.81381 1107.37
-3.79379 1113.85
-3.77377 1120.34
-3.75375 1126.84
-3.73373 1133.36
-3.71371 1139.9
-3.69369 1146.44
-3.67367 1153
-3.65365 1159.58
-3.63363 1166.17
-3.61361 1172.77
-3.59359 1179.38
-3.57357 1186.01
-3.55355 1192.65
-3.53353 1199.3
-3.51351 1205.96
-3.49349 1212.64
-3.47347 1219.33
-3.45345 1226.04
-3.43343 1232.75
-3.41341 1239.48
-3.39339 1246.23
-3.37337 1252.98
-3.35335 1259.75
-3.33333 1266.53
-3.31331 1273.32
-3.29329 1280.12
-3.27327 1286.94
-3.25325 1293.76
-3.23323 1300.6
-3.21321 1307.46
-3.19319 1314.32
-3.17317 1321.19
-3.15315 1328.08
-3.13313 1334.98
-3.11311 1341.89
-3.09309 1348.81
-3.07307 1355.75
-3.05305 1362.69
-3.03303 1369.65
-3.01301 1376.61
-2.99299 1383.59
-2.97297 1390.58
-2.95295 1397.58
-2.93293 1404.59
-2.91291 1411.62
-2.89289 1418.65
-2.87287 1425.69
-2.85285 1432.75
-2.83283 1439.81
-2.81281 1446.89
-2.79279 1453.98
-2.77277 1461.07
-2.75275 1468.18
-2.73273 1475.3
-2.71271 1482.42
-2.69269 1489.56
-2.67267 1496.71
-2.65265 1503.87
-2.63263 1511.04
-2.61261 1518.21
-2.59259 1525.4
-2.57257 1532.6
-2.55255 1539.81
-2.53253 1547.02
-2.51251 1554.25
-2.49249 1561.48
-2.47247 1568.73
-2.45245 1575.98
-2.43243 1583.25
-2.41241 1590.52
-2.39239 1597.8
-2.37237 1605.09
-2.35235 1612.39
-2.33233 1619.7
-2.31231 1627.01
-2.29229 1634.34
-2.27227 1641.67
-2.25225 1649.02
-2.23223 1656.37
-2.21221 1663.73
-2.19219 1671.1
-2.17217 1678.47
-2.15215 1685.86
-2.13213 1693.25
-2.11211 1700.65
-2.09209 1708.06
-2.07207 1715.48
-2.05205 1722.9
-2.03203 1730.33
-2.01201 1737.77
-1.99199 1745.22
-1.97197 1752.68
-1.95195 1760.14
-1.93193 1767.61
-1.91191 1775.09
-1.89189 1782.57
-1.87187 1790.07
-1.85185 1797.56
-1.83183 1805.07
-1.81181 1812.58
-1.79179 1820.1
-1.77177 1827.63
-1.75175 1835.16
-1.73173 1842.7
-1.71171 1850.25
-1.69169 1857.8
-1.67167 1865.36
-1.65165 1872.93
-1.63163 1880.5
-1.61161 1888.08
-1.59159 1895.67
-1.57157 1903.26
-1.55155 1910.85
-1.53153 1918.46
-1.51151 1926.06
-1.49149 1933.68
-1.47147 1941.3
-1.45145 1948.92
-1.43143 1956.56
-1.41141 1964.19
-1.39139 1971.83
-1.37137 1979.48
-1.35135 1987.13
-1.33133 1994.79
-1.31131 2002.46
-1.29129 2010.12
-1.27127 2017.8
-1.25125 2025.47
-1.23123 2033.16
-1.21121 2040.84
-1.19119 2048.54
-1.17117 2056.23
-1.15115 2063.93
-1.13113 2071.64
-1.11111 2079.35
-1.09109 2087.06
-1.07107 2094.78
-1.05105 2102.5
-1.03103 2110.23
-1.01101 2117.96
-0.990991 2125.69
-0.970971 2133.43
-0.950951 2141.17
-0.930931 2148.92
-0.910911 2156.67
-0.890891 2164.42
-0.870871 2172.17
-0.850851 2179.93
-0.830831 2187.7
-0.810811 2195.46
-0.790791 2203.23
-0.770771 2211
-0.750751 2218.78
-0.730731 2226.55
-0.710711 2234.33
-0.690691 2242.12
-0.670671 2249.9
-0.650651 2257.69
-0.630631 2265.48
-0.610611 2273.28
-0.590591 2281.07
-0.570571 2288.87
-0.550551 2296.67
-0.530531 2304.47
-0.510511 2312.28
-0.49049 2320.08
-0.47047 2327.89
-0.45045 2335.7
-0.43043 2343.51
-0.41041 2351.33
-0.39039 2359.14
-0.37037 2366.96
-0.35035 2374.77
-0.33033 2382.59
-0.31031 2390.41
-0.29029 2398.24
-0.27027 2406.06
-0.25025 2413.88
-0.23023 2421.71
-0.21021 2429.53
-0.19019 2437.36
-0.17017 2445.19
-0.15015 2453.01
-0.13013 2460.84
-0.11011 2468.67
-0.0900901 2476.5
-0.0700701 2484.33
-0.0500501 2492.16
-0.03003 2499.99
-0.01001 2507.82
0.01001 2515.65
0.03003 2523.48
0.0500501 2531.31
0.0700701 2539.14
0.0900901 2546.97
0.11011 2554.8
0.13013 2562.63
0.15015 2570.46
0.17017 2578.29
0.19019 2586.11
0.21021 2593.94
0.23023 2601.76
0.25025 2609.59
0.27027 2617.41
0.29029 2625.24
0.31031 2633.06
0.33033 2640.88
0.35035 2648.7
0.37037 2656.52
0.39039 2664.33
0.41041 2672.15
0.43043 2679.96
0.45045 2687.77
0.47047 2695.58
0.49049 2703.39
0.510511 2711.2
0.530531 2719
0.550551 2726.8
0.570571 2734.6
0.590591 2742.4
0.610611 2750.2
0.630631 2757.99
0.650651 2765.78
0.670671 2773.57
0.690691 2781.35
0.710711 2789.14
0.730731 2796.92
0.750751 2804.7
0.770771 2812.47
0.790791 2820.24
0.810811 2828.01
0.830831 2835.78
0.850851 2843.54
0.870871 2851.3
0.890891 2859.05
0.910911 2866.81
0.930931 2874.55
0.950951 2882.3
0.970971 2890.04
0.990991 2897.78
1.01101 2905.51
1.03103 2913.24
1.05105 2920.97
1.07107 2928.69
1.09109 2936.41
1.11111 2944.12
1.13113 2951.83
1.15115 2959.54
1.17117 2967.24
1.19119 2974.94
1.21121 2982.63
1.23123 2990.32
1.25125 2998
1.27127 3005.68
1.29129 3013.35
1.31131 3021.02
1.33133 3028.68
1.35135 3036.34
1.37137 3043.99
1.39139 3051.64
1.41141 3059.28
1.43143 3066.92
1.45145 3074.55
1.47147 3082.17
1.49149 3089.79
1.51151 3097.41
1.53153 3105.02
1.55155 3112.62
1.57157 3120.22
1.59159 3127.81
1.61161 3135.39
1.63163 3142.97
1.65165 3150.54
1.67167 3158.11
1.69169 3165.67
1.71171 3173.22
1.73173 3180.77
1.75175 3188.31
1.77177 3195.84
1.79179 3203.37
1.81181 3210.89
1.83183 3218.4
1.85185 3225.91
1.87187 3233.41
1.89189 3240.9
1.91191 3248.38
1.93193 3255.86
1.95195 3263.33
1.97197 3270.79
1.99199 3278.25
2.01201 3285.7
2.03203 3293.14
2.05205 3300.57
2.07207 3307.99
2.09209 3315.41
2.11211 3322.82
2.13213 3330.22
2.15215 3337.61
2.17217 3345
2.19219 3352.38
2.21221 3359.74
2.23223 3367.1
2.25225 3374.45
2.27227 3381.8
2.29229 3389.13
2.31231 3396.46
2.33233 3403.77
2.35235 3411.08
2.37237 3418.38
2.39239 3425.67
2.41241 3432.95
2.43243 3440.23
2.45245 3447.49
2.47247 3454.74
2.49249 3461.99
2.51251 3469.22
2.53253 3476.45
2.55255 3483.67
2.57257 3490.87
2.59259 3498.07
2.61261 3505.26
2.63263 3512.44
2.65265 3519.6
2.67267 3526.76
2.69269 3533.91
2.71271 3541.05
2.73273 3548.17
2.75275 3555.29
2.77277 3562.4
2.79279 3569.5
2.81281 3576.58
2.83283 3583.66
2.85285 3590.72
2.87287 3597.78
2.89289 3604.82
2.91291 3611.86
2.93293 3618.88
2.95295 3625.89
2.97297 3632.89
2.99299 3639.88
3.01301 3646.86
3.03303 3653.83
3.05305 3660.78
3.07307 3667.73
3.09309 3674.66
3.11311 3681.58
3.13313 3688.49
3.15315 3695.39
3.17317 3702.28
3.19319 3709.15
3.21321 3716.02
3.23323 3722.87
3.25325 3729.71
3.27327 3736.54
3.29329 3743.35
3.31331 3750.15
3.33333 3756.95
3.35335 3763.73
3.37337 3770.49
3.39339 3777.25
3.41341 3783.99
3.43343 3790.72
3.45345 3797.43
3.47347 3804.14
3.49349 3810.83
3.51351 3817.51
3.53353 3824.17
3.55355 3830.83
3.57357 3837.47
3.59359 3844.09
3.61361 3850.71
3.63363 3857.31
3.65365 3863.89
3.67367 3870.47
3.69369 3877.03
3.71371 3883.57
3.73373 3890.11
3.75375 3896.63
3.77377 3903.13
3.79379 3909.63
3.81381 3916.11
3.83383 3922.57
3.85385 3929.02
3.87387 3935.46
3.89389 3941.88
3.91391 3948.29
3.93393 3954.68
3.95395 3961.07
3.97397 3967.43
3.99399 3973.78
4.01401 3980.12
4.03403 3986.44
4.05405 3992.75
4.07407 3999.05
4.09409 4005.33
4.11411 4011.59
4.13413 4017.84
4.15415 4024.08
4.17417 4030.3
4.19419 4036.5
4.21421 4042.69
4.23423 4048.87
4.25425 4055.02
4.27427 4061.17
4.29429 4067.3
4.31431 4073.41
4.33433 4079.51
4.35435 4085.59
4.37437 4091.66
4.39439 4097.71
4.41441 4103.75
4.43443 4109.77
4.45445 4115.78
4.47447 4121.77
4.49449 4127.74
4.51451 4133.7
4.53453 4139.64
4.55455 4145.56
4.57457 4151.47
4.59459 4157.37
4.61461 4163.24
4.63463 4169.1
4.65465 4174.95
4.67467 4180.78
4.69469 4186.59
4.71471 4192.38
4.73473 4198.16
4.75475 4203.92
4.77477 4209.67
4.79479 4215.4
4.81481 4221.11
4.83483 4226.8
4.85485 4232.48
4.87487 4238.14
4.89489 4243.79
4.91491 4249.41
4.93493 4255.02
4.95495 4260.62
4.97497 4266.19
4.99499 4271.75
5.01502 4277.29
5.03504 4282.81
5.05506 4288.32
5.07508 4293.81
5.0951 4299.28
5.11512 4304.73
5.13514 4310.17
5.15516 4315.58
5.17518 4320.98
5.1952 4326.37
5.21522 4331.73
5.23524 4337.08
5.25526 4342.41
5.27528 4347.72
5.2953 4353.01
5.31532 4358.28
5.33534 4363.54
5.35536 4368.78
5.37538 4374
5.3954 4379.2
5.41542 4384.38
5.43544 4389.54
5.45546 4394.69
5.47548 4399.82
5.4955 4404.92
5.51552 4410.01
5.53554 4415.08
5.55556 4420.14
5.57558 4425.17
5.5956 4430.19
5.61562 4435.18
5.63564 4440.16
5.65566 4445.12
5.67568 4450.05
5.6957 4454.97
5.71572 4459.87
5.73574 4464.76
5.75576 4469.62
5.77578 4474.46
5.7958 4479.28
5.81582 4484.09
5.83584 4488.87
5.85586 4493.64
5.87588 4498.38
5.8959 4503.11
5.91592 4507.82
5.93594 4512.5
5.95596 4517.17
5.97598 4521.82
5.996 4526.44
6.01602 4531.05
6.03604 4535.64
6.05606 4540.21
6.07608 4544.75
6.0961 4549.28
6.11612 4553.79
6.13614 4558.28
6.15616 4562.74
6.17618 4567.19
6.1962 4571.62
6.21622 4576.02
6.23624 4580.41
6.25626 4584.77
6.27628 4589.12
6.2963 4593.44
6.31632 4597.75
6.33634 4602.03
6.35636 4606.3
6.37638 4610.54
6.3964 4614.76
6.41642 4618.96
6.43644 4623.14
6.45646 4627.3
6.47648 4631.44
6.4965 4635.56
6.51652 4639.65
6.53654 4643.73
6.55656 4647.78
6.57658 4651.82
6.5966 4655.83
6.61662 4659.82
6.63664 4663.79
6.65666 4667.74
6.67668 4671.67
6.6967 4675.57
6.71672 4679.46
6.73674 4683.32
6.75676 4687.16
6.77678 4690.98
6.7968 4694.78
6.81682 4698.56
6.83684 4702.31
6.85686 4706.05
6.87688 4709.76
6.8969 4713.45
6.91692 4717.12
6.93694 4720.77
6.95696 4724.4
6.97698 4728
6.997 4731.58
7.01702 4735.14
7.03704 4738.68
7.05706 4742.2
7.07708 4745.69
7.0971 4749.16
7.11712 4752.61
7.13714 4756.04
7.15716 4759.44
7.17718 4762.83
7.1972 4766.19
7.21722 4769.53
7.23724 4772.84
7.25726 4776.14
7.27728 4779.41
7.2973 4782.66
7.31732 4785.89
7.33734 4789.09
7.35736 4792.27
7.37738 4795.43
7.3974 4798.57
7.41742 4801.68
7.43744 4804.78
7.45746 4807.84
7.47748 4810.89
7.4975 4813.91
7.51752 4816.91
7.53754 4819.89
7.55756 4822.85
7.57758 4825.78
7.5976 4828.69
7.61762 4831.57
7.63764 4834.44
7.65766 4837.28
7.67768 4840.1
7.6977 4842.89
7.71772 4845.66
7.73774 4848.41
7.75776 4851.13
7.77778 4853.84
7.7978 4856.51
7.81782 4859.17
7.83784 4861.8
7.85786 4864.41
7.87788 4866.99
7.8979 4869.56
7.91792 4872.09
7.93794 4874.61
7.95796 4877.1
7.97798 4879.57
7.998 4882.01
8.01802 4884.43
8.03804 4886.83
8.05806 4889.2
8.07808 4891.55
8.0981 4893.88
8.11812 4896.18
8.13814 4898.46
8.15816 4900.71
8.17818 4902.95
8.1982 4905.15
8.21822 4907.33
8.23824 4909.49
8.25826 4911.63
8.27828 4913.74
8.2983 4915.83
8.31832 4917.89
8.33834 4919.93
8.35836 4921.94
8.37838 4923.93
8.3984 4925.9
8.41842 4927.84
8.43844 4929.76
8.45846 4931.65
8.47848 4933.52
8.4985 4935.36
8.51852 4937.18
8.53854 4938.97
8.55856 4940.74
8.57858 4942.49
8.5986 4944.21
8.61862 4945.9
8.63864 4947.57
8.65866 4949.22
8.67868 4950.84
8.6987 4952.43
8.71872 4954
8.73874 4955.55
8.75876 4957.07
8.77878 4958.56
8.7988 4960.03
8.81882 4961.47
8.83884 4962.89
8.85886 4964.28
8.87888 4965.64
8.8989 4966.98
8.91892 4968.29
8.93894 4969.57
8.95896 4970.83
8.97898 4972.06
8.999 4973.26
9.01902 4974.44
9.03904 4975.59
9.05906 4976.71
9.07908 4977.8
9.0991 4978.86
9.11912 4979.89
9.13914 4980.89
9.15916 4981.86
9.17918 4982.8
9.1992 4983.71
9.21922 4984.58
9.23924 4985.42
9.25926 4986.22
9.27928 4986.98
9.2993 4987.7
9.31932 4988.37
9.33934 4989
9.35936 4989.51
9.37938 4990.13
9.3994 4990.28
9.41942 4991.3
9.43944 4991.31
9.45946 4992.66
9.47948 4992.66
9.4995 4994.21
9.51952 4994.21
9.53954 4995.93
9.55956 4995.93
9.57958 4997.83
9.5996 4997.83
9.61962 4999.91
9.63964 4999.91
9.65966 5002.16
9.67968 5002.16
9.6997 5004.61
9.71972 5004.61
9.73974 5007.28
9.75976 5007.28
9.77978 5010.19
9.7998 5010.19
9.81982 5013.4
9.83984 5013.4
9.85986 5016.97
9.87988 5016.97
9.8999 5021.01
9.91992 5021.01
9.93994 5025.76
9.95996 5025.76
9.97998 5031.78
10 5031.78
